Freq.	-V(reflectedwaveover20)/V(minusincidentwaveover20)
7.00000000000000e+07	-5.02027096344075e-01,-8.62554235727289e-01
7.00600600600601e+07	-5.28936410328667e-01,-8.46467845006513e-01
7.01201201201201e+07	-5.55324526064207e-01,-8.29542398731441e-01
7.01801801801802e+07	-5.81165268855934e-01,-8.11794832343619e-01
7.02402402402402e+07	-6.06433017917915e-01,-7.93242898663251e-01
7.03003003003003e+07	-6.31102731946803e-01,-7.73905149528173e-01
7.03603603603604e+07	-6.55149974071310e-01,-7.53800916630056e-01
7.04204204204204e+07	-6.78550936151795e-01,-7.32950291570345e-01
7.04804804804805e+07	-7.01282462405690e-01,-7.11374105158789e-01
7.05405405405405e+07	-7.23322072335250e-01,-6.89093905978351e-01
7.06006006006006e+07	-7.44647982934751e-01,-6.66131938241150e-01
7.06606606606607e+07	-7.65239130155611e-01,-6.42511118960518e-01
7.07207207207207e+07	-7.85075189608488e-01,-6.18255014465102e-01
7.07807807807808e+07	-8.04136596482579e-01,-5.93387816281490e-01
7.08408408408408e+07	-8.22404564663258e-01,-5.67934316412324e-01
7.09009009009009e+07	-8.39861105030093e-01,-5.41919882037687e-01
7.09609609609610e+07	-8.56489042918549e-01,-5.15370429667550e-01
7.10210210210210e+07	-8.72272034729329e-01,-4.88312398774084e-01
7.10810810810811e+07	-8.87194583670641e-01,-4.60772724932664e-01
7.11411411411411e+07	-9.01242054619617e-01,-4.32778812500830e-01
7.12012012012012e+07	-9.14400688090027e-01,-4.04358506865012e-01
7.12612612612613e+07	-9.26657613294670e-01,-3.75540066284859e-01
7.13213213213213e+07	-9.38000860291740e-01,-3.46352133365419e-01
7.13813813813814e+07	-9.48419371205554e-01,-3.16823706187608e-01
7.14414414414414e+07	-9.57903010513060e-01,-2.86984109127579e-01
7.15015015015015e+07	-9.66442574388620e-01,-2.56862963395741e-01
7.15615615615616e+07	-9.74029799100576e-01,-2.26490157326226e-01
7.16216216216216e+07	-9.80657368454130e-01,-1.95895816447848e-01
7.16816816816817e+07	-9.86318920276140e-01,-1.65110273367443e-01
7.17417417417417e+07	-9.91009051938448e-01,-1.34164037496410e-01
7.18018018018018e+07	-9.94723324917304e-01,-1.03087764651702e-01
7.18618618618619e+07	-9.97458268387584e-01,-7.19122265616648e-02
7.19219219219219e+07	-9.99211381851330e-01,-4.06682803078827e-02
7.19819819819820e+07	-9.99981136801275e-01,-9.38683773332517e-03
7.20420420420420e+07	-9.99766977420876e-01,2.19011651526425e-02
7.21021021021021e+07	-9.98569320323372e-01,5.31647987421435e-02
7.21621621621622e+07	-9.96389553333324e-01,8.43731703396894e-02
7.22222222222222e+07	-9.93230033315003e-01,1.15495454586160e-01
7.22822822822823e+07	-9.89094083052910e-01,1.46500923766514e-01
7.23423423423423e+07	-9.83985987190570e-01,1.77358977972174e-01
7.24024024024024e+07	-9.77910987234670e-01,2.08039175088966e-01
7.24624624624625e+07	-9.70875275632375e-01,2.38511260582504e-01
7.25225225225225e+07	-9.62885988930599e-01,2.68745197052632e-01
7.25825825825826e+07	-9.53951200026697e-01,2.98711193529442e-01
7.26426426426426e+07	-9.44079909520945e-01,3.28379734483527e-01
7.27027027027027e+07	-9.33282036181878e-01,3.57721608523637e-01
7.27627627627628e+07	-9.21568406536325e-01,3.86707936755458e-01
7.28228228228228e+07	-9.08950743596740e-01,4.15310200775554e-01
7.28828828828829e+07	-8.95441654739112e-01,4.43500270275082e-01
7.29429429429429e+07	-8.81054618745363e-01,4.71250430228598e-01
7.30030030030030e+07	-8.65803972025010e-01,4.98533407643267e-01
7.30630630630631e+07	-8.49704894031210e-01,5.25322397845094e-01
7.31231231231231e+07	-8.32773391887269e-01,5.51591090278505e-01
7.31831831831832e+07	-8.15026284240009e-01,5.77313693796937e-01
7.32432432432432e+07	-7.96481184357164e-01,6.02464961422110e-01
7.33033033033033e+07	-7.77156482486443e-01,6.27020214550558e-01
7.33633633633634e+07	-7.57071327494487e-01,6.50955366586453e-01
7.34234234234234e+07	-7.36245607804440e-01,6.74246945980420e-01
7.34834834834835e+07	-7.14699931651350e-01,6.96872118654636e-01
7.35435435435435e+07	-6.92455606675157e-01,7.18808709795100e-01
7.36036036036036e+07	-6.69534618871453e-01,7.40035224992585e-01
7.36636636636637e+07	-6.45959610920497e-01,7.60530870714604e-01
7.37237237237237e+07	-6.21753859915768e-01,7.80275574090956e-01
7.37837837837838e+07	-5.96941254513284e-01,7.99250001996514e-01
7.38438438438438e+07	-5.71546271523651e-01,8.17435579415261e-01
7.39039039039039e+07	-5.45593951969000e-01,8.34814507070367e-01
7.39639639639640e+07	-5.19109876627372e-01,8.51369778305710e-01
7.40240240240240e+07	-4.92120141087460e-01,8.67085195204934e-01
7.40840840840841e+07	-4.64651330336855e-01,8.81945383934800e-01
7.41441441441441e+07	-4.36730492907382e-01,8.95935809300200e-01
7.42042042042042e+07	-4.08385114601289e-01,9.09042788498946e-01
7.42642642642643e+07	-3.79643091822213e-01,9.21253504065138e-01
7.43243243243243e+07	-3.50532704535467e-01,9.32556015990425e-01
7.43843843843844e+07	-3.21082588881958e-01,9.42939273013397e-01
7.44444444444444e+07	-2.91321709470624e-01,9.52393123067799e-01
7.45045045045045e+07	-2.61279331374283e-01,9.60908322881114e-01
7.45645645645646e+07	-2.30984991854097e-01,9.68476546715599e-01
7.46246246246246e+07	-2.00468471837913e-01,9.75090394244676e-01
7.46846846846847e+07	-1.69759767177986e-01,9.80743397558157e-01
7.47447447447447e+07	-1.38889059713730e-01,9.85430027290549e-01
7.48048048048048e+07	-1.07886688165265e-01,9.89145697867321e-01
7.48648648648649e+07	-7.67831188834674e-02,9.91886771864768e-01
7.49249249249249e+07	-4.56089164828256e-02,9.93650563479690e-01
7.49849849849850e+07	-1.43947143827297e-02,9.94435341105967e-01
7.50450450450450e+07	1.68288147162458e-02,9.94240329015633e-01
7.51051051051051e+07	4.80309883952054e-02,9.93065708142873e-01
7.51651651651652e+07	7.91811440925241e-02,9.90912615970005e-01
7.52252252252252e+07	1.10248668665980e-01,9.87783145515252e-01
7.52852852852853e+07	1.41203027915148e-01,9.83680343422766e-01
7.53453453453453e+07	1.72013796037730e-01,9.78608207156114e-01
7.54054054054054e+07	2.02650684993552e-01,9.72571681297136e-01
7.54654654654655e+07	2.33083573750186e-01,9.65576652952744e-01
7.55255255255255e+07	2.63282537383620e-01,9.57629946273057e-01
7.55855855855856e+07	2.93217876008308e-01,9.48739316084795e-01
7.56456456456456e+07	3.22860143510133e-01,9.38913440644813e-01
7.57057057057057e+07	3.52180176056620e-01,9.28161913519114e-01
7.57657657657658e+07	3.81149120358389e-01,9.16495234593603e-01
7.58258258258258e+07	4.09738461656162e-01,9.03924800223444e-01
7.58858858858859e+07	4.37920051407736e-01,8.90462892528635e-01
7.59459459459459e+07	4.65666134649567e-01,8.76122667844133e-01
7.60060060060060e+07	4.92949377007489e-01,8.60918144333649e-01
7.60660660660661e+07	5.19742891331880e-01,8.44864188776740e-01
7.61261261261261e+07	5.46020263932041e-01,8.27976502539898e-01
7.61861861861862e+07	5.71755580385523e-01,8.10271606742625e-01
7.62462462462462e+07	5.96923450897781e-01,7.91766826630658e-01
7.63063063063063e+07	6.21499035188236e-01,7.72480275168803e-01
7.63663663663664e+07	6.45458066878905e-01,7.52430835866868e-01
7.64264264264264e+07	6.68776877362098e-01,7.31638144852732e-01
7.64864864864865e+07	6.91432419124052e-01,7.10122572207351e-01
7.65465465465465e+07	7.13402288501769e-01,6.87905202577163e-01
7.66066066066066e+07	7.34664747850462e-01,6.65007815080268e-01
7.66666666666667e+07	7.55198747099878e-01,6.41452862522966e-01
7.67267267267267e+07	7.74983944677579e-01,6.17263449944657e-01
7.67867867867868e+07	7.94000727778322e-01,5.92463312508996e-01
7.68468468468468e+07	8.12230231958590e-01,5.67076792760610e-01
7.69069069069069e+07	8.29654360036283e-01,5.41128817266800e-01
7.69669669669670e+07	8.46255800275717e-01,5.14644872664623e-01
7.70270270270270e+07	8.62018043838892e-01,4.87650981134332e-01
7.70870870870871e+07	8.76925401484357e-01,4.60173675320755e-01
7.71471471471471e+07	8.90963019495690e-01,4.32239972724886e-01
7.72072072072072e+07	9.04116894822180e-01,4.03877349588527e-01
7.72672672672673e+07	9.16373889414925e-01,3.75113714295518e-01
7.73273273273273e+07	9.27721743742195e-01,3.45977380313630e-01
7.73873873873874e+07	9.38149089468695e-01,3.16497038701629e-01
7.74474474474474e+07	9.47645461283836e-01,2.86701730207056e-01
7.75075075075075e+07	9.56201307865156e-01,2.56620816980092e-01
7.75675675675676e+07	9.63808001963433e-01,2.26283953930186e-01
7.76276276276276e+07	9.70457849597136e-01,1.95721059751992e-01
7.76876876876877e+07	9.76144098344384e-01,1.64962287648039e-01
7.77477477477477e+07	9.80860944721562e-01,1.34037995775879e-01
7.78078078078078e+07	9.84603540638490e-01,1.02978717447888e-01
7.78678678678679e+07	9.87367998920957e-01,7.18151311124130e-02
7.79279279279279e+07	9.89151397892245e-01,4.05780301453014e-02
7.79879879879880e+07	9.89951785006225e-01,9.29829248103087e-03
7.80480480480480e+07	9.89768179525482e-01,-2.19931498864718e-02
7.81081081081081e+07	9.88600574238852e-01,-5.32653415036915e-02
7.81681681681682e+07	9.86449936213751e-01,-8.44873341273253e-02
7.82282282282282e+07	9.83318206579596e-01,-1.15628217433726e-01
7.82882882882883e+07	9.79208299339600e-01,-1.46657149737013e-01
7.83483483483483e+07	9.74124099209249e-01,-1.77543388684887e-01
7.84084084084084e+07	9.68070458480774e-01,-2.08256321901015e-01
7.84684684684685e+07	9.61053192913882e-01,-2.38765497542621e-01
7.85285285285285e+07	9.53079076654186e-01,-2.69040654741915e-01
7.85885885885886e+07	9.44155836181606e-01,-2.99051753900090e-01
7.86486486486486e+07	9.34292143292318e-01,-3.28769006802104e-01
7.87087087087087e+07	9.23497607118601e-01,-3.58162906521225e-01
7.87687687687688e+07	9.11782765192273e-01,-3.87204257081572e-01
7.88288288288288e+07	8.99159073558228e-01,-4.15864202847683e-01
7.88888888888889e+07	8.85638895945815e-01,-4.44114257609787e-01
7.89489489489489e+07	8.71235492006806e-01,-4.71926333333887e-01
7.90090090090090e+07	8.55963004629755e-01,-4.99272768545863e-01
7.90690690690691e+07	8.39836446341626e-01,-5.26126356319171e-01
7.91291291291291e+07	8.22871684808710e-01,-5.52460371835711e-01
7.91891891891892e+07	8.05085427449660e-01,-5.78248599490350e-01
7.92492492492492e+07	7.86495205174922e-01,-6.03465359509179e-01
7.93093093093093e+07	7.67119355267371e-01,-6.28085534052784e-01
7.93693693693694e+07	7.46977003420535e-01,-6.52084592775591e-01
7.94294294294294e+07	7.26088044951302e-01,-6.75438617813342e-01
7.94894894894895e+07	7.04473125205361e-01,-6.98124328170983e-01
7.95495495495495e+07	6.82153619174431e-01,-7.20119103483952e-01
7.96096096096096e+07	6.59151610345356e-01,-7.41401007126401e-01
7.96696696696697e+07	6.35489868802048e-01,-7.61948808640652e-01
7.97297297297297e+07	6.11191828602348e-01,-7.81742005462569e-01
7.97897897897898e+07	5.86281564452375e-01,-8.00760843918783e-01
7.98498498498498e+07	5.60783767702444e-01,-8.18986339471798e-01
7.99099099099099e+07	5.34723721688722e-01,-8.36400296190429e-01
7.99699699699700e+07	5.08127276446392e-01,-8.52985325423349e-01
8.00300300300300e+07	4.81020822820221e-01,-8.68724863654719e-01
8.00900900900901e+07	4.53431265999625e-01,-8.83603189521583e-01
8.01501501501502e+07	4.25385998505873e-01,-8.97605439973704e-01
8.02102102102102e+07	3.96912872659819e-01,-9.10717625557425e-01
8.02702702702703e+07	3.68040172559112e-01,-9.22926644806194e-01
8.03303303303303e+07	3.38796585594791e-01,-9.34220297721223e-01
8.03903903903904e+07	3.09211173537114e-01,-9.44587298327071e-01
8.04504504504505e+07	2.79313343221903e-01,-9.54017286287638e-01
8.05105105105105e+07	2.49132816868265e-01,-9.62500837569473e-01
8.05705705705706e+07	2.18699602059845e-01,-9.70029474140089e-01
8.06306306306306e+07	1.88043961421566e-01,-9.76595672690350e-01
8.06906906906907e+07	1.57196382024612e-01,-9.82192872370940e-01
8.07507507507508e+07	1.26187544552514e-01,-9.86815481534170e-01
8.08108108108108e+07	9.50482922616391e-02,-9.90458883473467e-01
8.08708708708709e+07	6.38095997694830e-02,-9.93119441154142e-01
8.09309309309309e+07	3.25025417047486e-02,-9.94794500930116e-01
8.09909909909910e+07	1.15826125262482e-03,-9.95482395242533e-01
8.10510510510511e+07	-3.01920613701784e-02,-9.95182444297360e-01
8.11111111111111e+07	-6.15172404770746e-02,-9.93894956720282e-01
8.11711711711712e+07	-9.27861164753840e-02,-9.91621229188341e-01
8.12312312312312e+07	-1.23967587398480e-01,-9.88363545039046e-01
8.12912912912913e+07	-1.55030640372075e-01,-9.84125171858809e-01
8.13513513513514e+07	-1.85944382980787e-01,-9.78910358053783e-01
8.14114114114114e+07	-2.16678074501190e-01,-9.72724328407336e-01
8.14714714714715e+07	-2.47201156967782e-01,-9.65573278629606e-01
8.15315315315315e+07	-2.77483286038449e-01,-9.57464368905710e-01
8.15915915915916e+07	-3.07494361626487e-01,-9.48405716450357e-01
8.16516516516517e+07	-3.37204558266258e-01,-9.38406387077742e-01
8.17117117117117e+07	-3.66584355180348e-01,-9.27476385796709e-01
8.17717717717718e+07	-3.95604566015973e-01,-9.15626646442355e-01
8.18318318318318e+07	-4.24236368219349e-01,-9.02869020356203e-01
8.18918918918919e+07	-4.52451332016876e-01,-8.89216264128267e-01
8.19519519519520e+07	-4.80221448972663e-01,-8.74682026415297e-01
8.20120120120120e+07	-5.07519160092413e-01,-8.59280833850589e-01
8.20720720720721e+07	-5.34317383444432e-01,-8.43028076061616e-01
8.21321321321321e+07	-5.60589541268839e-01,-8.25939989812958e-01
8.21921921921922e+07	-5.86309586547283e-01,-8.08033642292524e-01
8.22522522522523e+07	-6.11452029005364e-01,-7.89326913560593e-01
8.23123123123123e+07	-6.35991960521666e-01,-7.69838478181360e-01
8.23723723723724e+07	-6.59905079917074e-01,-7.49587786058260e-01
8.24324324324324e+07	-6.83167717099686e-01,-7.28595042494539e-01
8.24924924924925e+07	-7.05756856540850e-01,-7.06881187501777e-01
8.25525525525526e+07	-7.27650160059028e-01,-6.84467874379596e-01
8.26126126126126e+07	-7.48825988888921e-01,-6.61377447590565e-01
8.26726726726727e+07	-7.69263425014225e-01,-6.37632919955009e-01
8.27327327327327e+07	-7.88942291743175e-01,-6.13257949191181e-01
8.27927927927928e+07	-8.07843173507258e-01,-5.88276813826548e-01
8.28528528528529e+07	-8.25947434863970e-01,-5.62714388507006e-01
8.29129129129129e+07	-8.43237238685892e-01,-5.36596118730952e-01
8.29729729729730e+07	-8.59695563519016e-01,-5.09947995035877e-01
8.30330330330330e+07	-8.75306220094420e-01,-4.82796526665527e-01
8.30930930930931e+07	-8.90053866978278e-01,-4.55168714746179e-01
8.31531531531532e+07	-9.03924025346247e-01,-4.27092025000883e-01
8.32132132132132e+07	-9.16903092869285e-01,-3.98594360030908e-01
8.32732732732733e+07	-9.28978356698935e-01,-3.69704031193988e-01
8.33333333333333e+07	-9.40138005541127e-01,-3.40449730109263e-01
8.33933933933934e+07	-9.50371140808686e-01,-3.10860499818816e-01
8.34534534534535e+07	-9.59667786843545e-01,-2.80965705636366e-01
8.35135135135135e+07	-9.68018900200918e-01,-2.50795005713293e-01
8.35735735735736e+07	-9.75416377988530e-01,-2.20378321352842e-01
8.36336336336336e+07	-9.81853065255137e-01,-1.89745807103004e-01
8.36936936936937e+07	-9.87322761423523e-01,-1.58927820658915e-01
8.37537537537538e+07	-9.91820225764195e-01,-1.27954892605534e-01
8.38138138138138e+07	-9.95341181906988e-01,-9.68576960313707e-02
8.38738738738739e+07	-9.97882321388818e-01,-6.56670160439335e-02
8.39339339339339e+07	-9.99441306236748e-01,-3.44137192177311e-02
8.39939939939940e+07	-1.00001677058660e+00,-3.12872300504406e-03
8.40540540540541e+07	-9.99608321338181e-01,2.81570348596911e-02
8.41141141141141e+07	-9.98216537849345e-01,5.94126269320378e-02
8.41741741741742e+07	-9.95842970671769e-01,9.06071665759415e-02
8.42342342342342e+07	-9.92490139332558e-01,1.21709838398589e-01
8.42942942942943e+07	-9.88161529166482e-01,1.52689928572231e-01
8.43543543543544e+07	-9.82861587204633e-01,1.83516855013580e-01
8.44144144144144e+07	-9.76595717126181e-01,2.14160197391815e-01
8.44744744744745e+07	-9.69370273280726e-01,2.44589726936602e-01
8.45345345345345e+07	-9.61192553789654e-01,2.74775436017631e-01
8.45945945945946e+07	-9.52070792735640e-01,3.04687567468046e-01
8.46546546546547e+07	-9.42014151450389e-01,3.34296643623849e-01
8.47147147147147e+07	-9.31032708911337e-01,3.63573495052530e-01
8.47747747747748e+07	-9.19137451258976e-01,3.92489288943897e-01
8.48348348348348e+07	-9.06340260447041e-01,4.21015557137253e-01
8.48948948948949e+07	-8.92653902038746e-01,4.49124223758801e-01
8.49549549549550e+07	-8.78092012162737e-01,4.76787632444310e-01
8.50150150150150e+07	-8.62669083643325e-01,5.03978573122193e-01
8.50750750750751e+07	-8.46400451320113e-01,5.30670308332785e-01
8.51351351351351e+07	-8.29302276572857e-01,5.56836599060115e-01
8.51951951951952e+07	-8.11391531067954e-01,5.82451730053205e-01
8.52552552552553e+07	-7.92685979743728e-01,6.07490534614100e-01
8.53153153153153e+07	-7.73204163051985e-01,6.31928418830973e-01
8.53753753753754e+07	-7.52965378474284e-01,6.55741385234617e-01
8.54354354354354e+07	-7.31989661331531e-01,6.78906055857794e-01
8.54954954954955e+07	-7.10297764906274e-01,7.01399694677191e-01
8.55555555555556e+07	-6.87911139897593e-01,7.23200229418369e-01
8.56156156156156e+07	-6.64851913228759e-01,7.44286272705026e-01
8.56756756756757e+07	-6.41142866228649e-01,7.64637142534030e-01
8.57357357357357e+07	-6.16807412207944e-01,7.84232882058891e-01
8.57957957957958e+07	-5.91869573452021e-01,8.03054278664503e-01
8.58558558558559e+07	-5.66353957652507e-01,8.21082882316962e-01
8.59159159159159e+07	-5.40285733800016e-01,8.38301023172809e-01
8.59759759759760e+07	-5.13690607560961e-01,8.54691828432814e-01
8.60360360360360e+07	-4.86594796161662e-01,8.70239238425910e-01
8.60960960960961e+07	-4.59025002803415e-01,8.84928021909775e-01
8.61561561561562e+07	-4.31008390632244e-01,8.98743790575170e-01
8.62162162162162e+07	-4.02572556287706e-01,9.11673012741820e-01
8.62762762762763e+07	-3.73745503055231e-01,9.23703026234264e-01
8.63363363363363e+07	-3.44555613646628e-01,9.34822050427015e-01
8.63963963963964e+07	-3.15031622633960e-01,9.45019197448798e-01
8.64564564564565e+07	-2.85202588561847e-01,9.54284482536570e-01
8.65165165165165e+07	-2.55097865763838e-01,9.62608833530574e-01
8.65765765765766e+07	-2.24747075908488e-01,9.69984099502520e-01
8.66366366366366e+07	-1.94180079300858e-01,9.76403058509609e-01
8.66966966966967e+07	-1.63426945965661e-01,9.81859424467901e-01
8.67567567567568e+07	-1.32517926538061e-01,9.86347853139207e-01
8.68168168168168e+07	-1.01483422988646e-01,9.89863947226394e-01
8.68768768768769e+07	-7.03539592087214e-02,9.92404260572815e-01
8.69369369369369e+07	-3.91601514827052e-02,9.93966301462156e-01
8.69969969969970e+07	-7.93267887416156e-03,9.94548535015862e-01
8.70570570570571e+07	2.32977464478927e-02,9.94150384685935e-01
8.71171171171171e+07	5.45004089156172e-02,9.92772232841684e-01
8.71771771771772e+07	8.56446192750730e-02,9.90415420449714e-01
8.72372372372372e+07	1.16699744278418e-01,9.87082245847210e-01
8.72972972972973e+07	1.47635236328507e-01,9.82775962609245e-01
8.73573573573574e+07	1.78420663049409e-01,9.77500776511670e-01
8.74174174174174e+07	2.09025736755837e-01,9.71261841591775e-01
8.74774774774775e+07	2.39420343794874e-01,9.64065255309788e-01
8.75375375375375e+07	2.69574573733351e-01,9.55918052814828e-01
8.75975975975976e+07	2.99458748364253e-01,9.46828200319903e-01
8.76576576576577e+07	3.29043450505817e-01,9.36804587591052e-01
8.77177177177177e+07	3.58299552566750e-01,9.25857019556674e-01
8.77777777777778e+07	3.87198244851498e-01,9.13996207043659e-01
8.78378378378378e+07	4.15711063579510e-01,9.01233756647823e-01
8.78978978978979e+07	4.43809918592486e-01,8.87582159746772e-01
8.79579579579580e+07	4.71467120724033e-01,8.73054780664116e-01
8.80180180180180e+07	4.98655408806050e-01,8.57665843994741e-01
8.80780780780781e+07	5.25347976286802e-01,8.41430421101431e-01
8.81381381381381e+07	5.51518497435470e-01,8.24364415794049e-01
8.81981981981982e+07	5.77141153108465e-01,8.06484549203118e-01
8.82582582582583e+07	6.02190656053093e-01,7.87808343860356e-01
8.83183183183183e+07	6.26642275724355e-01,7.68354106999479e-01
8.83783783783784e+07	6.50471862591013e-01,7.48140913091431e-01
8.84384384384384e+07	6.73655871907591e-01,7.27188585628528e-01
8.84984984984985e+07	6.96171386928922e-01,7.05517678173366e-01
8.85585585585586e+07	7.17996141544816e-01,6.83149454688286e-01
8.86186186186186e+07	7.39108542312351e-01,6.60105869162539e-01
8.86786786786787e+07	7.59487689863929e-01,6.36409544554651e-01
8.87387387387387e+07	7.79113399669736e-01,6.12083751068234e-01
8.87987987987988e+07	7.97966222133651e-01,5.87152383780173e-01
8.88588588588589e+07	8.16027462002132e-01,5.61639939640871e-01
8.89189189189189e+07	8.33279197066188e-01,5.35571493866790e-01
8.89789789789790e+07	8.49704296137041e-01,5.08972675746258e-01
8.90390390390390e+07	8.65286436276786e-01,4.81869643879980e-01
8.90990990990991e+07	8.80010119265659e-01,4.54289060878683e-01
8.91591591591592e+07	8.93860687288516e-01,4.26258067540448e-01
8.92192192192192e+07	9.06824337823392e-01,3.97804256531408e-01
8.92792792792793e+07	9.18888137716005e-01,3.68955645593547e-01
8.93393393393393e+07	9.30040036424474e-01,3.39740650304351e-01
8.93993993993994e+07	9.40268878419377e-01,3.10188056413431e-01
8.94594594594595e+07	9.49564414724983e-01,2.80326991781650e-01
8.95195195195195e+07	9.57917313588211e-01,2.50186897949026e-01
8.95795795795796e+07	9.65319170262606e-01,2.19797501358157e-01
8.96396396396396e+07	9.71762515895543e-01,1.89188784260020e-01
8.96996996996997e+07	9.77240825507456e-01,1.58390955330270e-01
8.97597597597598e+07	9.81748525053007e-01,1.27434420023416e-01
8.98198198198198e+07	9.85280997554650e-01,9.63497506939154e-02
8.98798798798799e+07	9.87834588300185e-01,6.51676565126776e-02
8.99399399399399e+07	9.89406609096581e-01,3.39189532082651e-02
9.00000000000000e+07	9.89995341573385e-01,2.63453266226051e-03
9.00600600600601e+07	9.89600039529865e-01,-2.86546676113044e-02
9.01201201201201e+07	9.88220930321032e-01,-5.99176950724060e-02
9.01801801801802e+07	9.85859215278588e-01,-9.11236128169701e-02
9.02402402402402e+07	9.82517069163845e-01,-1.22241530263938e-01
9.03003003003003e+07	9.78197638650645e-01,-1.53240633836347e-01
9.03603603603604e+07	9.72905039837222e-01,-1.84090217606005e-01
9.04204204204204e+07	9.66644354787104e-01,-2.14759713870202e-01
9.04804804804805e+07	9.59421627099955e-01,-2.45218723629887e-01
9.05405405405405e+07	9.51243856514470e-01,-2.75437046937789e-01
9.06006006006006e+07	9.42118992546352e-01,-3.05384713085429e-01
9.06606606606607e+07	9.32055927165462e-01,-3.35032010597910e-01
9.07207207207207e+07	9.21064486517221e-01,-3.64349517005369e-01
9.07807807807808e+07	9.09155421694541e-01,-3.93308128359956e-01
9.08408408408408e+07	8.96340398567344e-01,-4.21879088467747e-01
9.09009009009009e+07	8.82631986678071e-01,-4.50034017804476e-01
9.09609609609610e+07	8.68043647212319e-01,-4.77744942085008e-01
9.10210210210210e+07	8.52589720055062e-01,-5.04984320455899e-01
9.10810810810811e+07	8.36285409943777e-01,-5.31725073281289e-01
9.11411411411411e+07	8.19146771730828e-01,-5.57940609492337e-01
9.12012012012012e+07	8.01190694768590e-01,-5.83604853470952e-01
9.12612612612613e+07	7.82434886431682e-01,-6.08692271438811e-01
9.13213213213213e+07	7.62897854791818e-01,-6.33177897323202e-01
9.13813813813814e+07	7.42598890461661e-01,-6.57037358071607e-01
9.14414414414414e+07	7.21558047625011e-01,-6.80246898387672e-01
9.15015015015015e+07	6.99796124271892e-01,-7.02783404861269e-01
9.15615615615616e+07	6.77334641657571e-01,-7.24624429466631e-01
9.16216216216216e+07	6.54195823006097e-01,-7.45748212402358e-01
9.16816816816817e+07	6.30402571479152e-01,-7.66133704248545e-01
9.17417417417417e+07	6.05978447432508e-01,-7.85760587416323e-01
9.18018018018018e+07	5.80947644982923e-01,-8.04609296866168e-01
9.18618618618619e+07	5.55334967909186e-01,-8.22661040072017e-01
9.19219219219219e+07	5.29165804911803e-01,-8.39897816209057e-01
9.19819819819820e+07	5.02466104256952e-01,-8.56302434543621e-01
9.20420420420420e+07	4.75262347830376e-01,-8.71858532004982e-01
9.21021021021021e+07	4.47581524628492e-01,-8.86550589919098e-01
9.21621621621622e+07	4.19451103713843e-01,-9.00363949885833e-01
9.22222222222222e+07	3.90899006663393e-01,-9.13284828781685e-01
9.22822822822823e+07	3.61953579538347e-01,-9.25300332871283e-01
9.23423423423423e+07	3.32643564404919e-01,-9.36398471011787e-01
9.24024024024024e+07	3.02998070435989e-01,-9.46568166935338e-01
9.24624624624625e+07	2.73046544624276e-01,-9.55799270595796e-01
9.25225225225225e+07	2.42818742137909e-01,-9.64082568566934e-01
9.25825825825826e+07	2.12344696349841e-01,-9.71409793480492e-01
9.26426426426426e+07	1.81654688572904e-01,-9.77773632493440e-01
9.27027027027027e+07	1.50779217532909e-01,-9.83167734774969e-01
9.27627627627628e+07	1.19748968611920e-01,-9.87586718004829e-01
9.28228228228228e+07	8.85947828949916e-02,-9.91026173875771e-01
9.28828828828829e+07	5.73476260530244e-02,-9.93482672593962e-01
9.29429429429429e+07	2.60385570951813e-02,-9.94953766372440e-01
9.30030030030030e+07	-5.30130297574960e-03,-9.95437991913755e-01
9.30630630630631e+07	-3.66408025715410e-02,-9.94934871879185e-01
9.31231231231231e+07	-6.79487909568424e-02,-9.93444915343004e-01
9.31831831831832e+07	-9.91941496835881e-02,-9.90969617231503e-01
9.32432432432432e+07	-1.30345823988502e-01,-9.87511456747563e-01
9.33033033033033e+07	-1.61372854119573e-01,-9.83073894782837e-01
9.33633633633634e+07	-1.92244406558602e-01,-9.77661370320603e-01
9.34234234234234e+07	-2.22929805106114e-01,-9.71279295833714e-01
9.34834834834835e+07	-2.53398561795829e-01,-9.63934051682961e-01
9.35435435435435e+07	-2.83620407605684e-01,-9.55632979522576e-01
9.36036036036036e+07	-3.13565322932960e-01,-9.46384374720422e-01
9.36636636636637e+07	-3.43203567801112e-01,-9.36197477801831e-01
9.37237237237237e+07	-3.72505711766411e-01,-9.25082464926934e-01
9.37837837837838e+07	-4.01442663492982e-01,-9.13050437412490e-01
9.38438438438438e+07	-4.29985699965076e-01,-9.00113410310242e-01
9.39039039039039e+07	-4.58106495305889e-01,-8.86284300054998e-01
9.39639639639640e+07	-4.85777149173040e-01,-8.71576911196444e-01
9.40240240240240e+07	-5.12970214700893e-01,-8.56005922229899e-01
9.40840840840841e+07	-5.39658725960905e-01,-8.39586870542111e-01
9.41441441441441e+07	-5.65816224911632e-01,-8.22336136489090e-01
9.42042042042042e+07	-5.91416787810529e-01,-8.04270926624110e-01
9.42642642642643e+07	-6.16435051060662e-01,-7.85409256094598e-01
9.43243243243243e+07	-6.40846236465948e-01,-7.65769930227803e-01
9.43843843843844e+07	-6.64626175869224e-01,-7.45372525325813e-01
9.44444444444444e+07	-6.87751335148428e-01,-7.24237368691367e-01
9.45045045045045e+07	-7.10198837546805e-01,-7.02385517906610e-01
9.45645645645646e+07	-7.31946486313888e-01,-6.79838739387811e-01
9.46246246246246e+07	-7.52972786634860e-01,-6.56619486239721e-01
9.46846846846847e+07	-7.73256966826759e-01,-6.32750875433927e-01
9.47447447447447e+07	-7.92778998780906e-01,-6.08256664336176e-01
9.48048048048048e+07	-8.11519617631772e-01,-5.83161226608345e-01
9.48648648648649e+07	-8.29460340633437e-01,-5.57489527511264e-01
9.49249249249249e+07	-8.46583485225704e-01,-5.31267098635220e-01
9.49849849849850e+07	-8.62872186272995e-01,-5.04520012085261e-01
9.50450450450450e+07	-8.78310412459960e-01,-4.77274854149147e-01
9.51051051051051e+07	-8.92882981828762e-01,-4.49558698476189e-01
9.51651651651652e+07	-9.06575576444000e-01,-4.21399078795464e-01
9.52252252252252e+07	-9.19374756172242e-01,-3.92823961202379e-01
9.52852852852853e+07	-9.31267971564036e-01,-3.63861716042941e-01
9.53453453453453e+07	-9.42243575827382e-01,-3.34541089425242e-01
9.54054054054054e+07	-9.52290835882599e-01,-3.04891174387984e-01
9.54654654654655e+07	-9.61399942489480e-01,-2.74941381756263e-01
9.55255255255255e+07	-9.69562019438798e-01,-2.44721410714542e-01
9.55855855855856e+07	-9.76769131801003e-01,-2.14261219127606e-01
9.56456456456456e+07	-9.83014293226169e-01,-1.83590993639680e-01
9.57057057057057e+07	-9.88291472290142e-01,-1.52741119582496e-01
9.57657657657658e+07	-9.92595597882857e-01,-1.21742150722870e-01
9.58258258258258e+07	-9.95922563635811e-01,-9.06247788804730e-02
9.58858858858859e+07	-9.98269231386634e-01,-5.94198034464892e-02
9.59459459459459e+07	-9.99633433679741e-01,-2.81581008336162e-02
9.60060060060060e+07	-1.00001397530295e+00,3.12940611199513e-03
9.60660660660661e+07	-9.99410633860938e-01,3.44117787064276e-02
9.61261261261261e+07	-9.97824159387459e-01,6.56580930011617e-02
9.61861861861862e+07	-9.95256272998956e-01,9.68374703035560e-02
9.62462462462462e+07	-9.91709664593423e-01,1.27919107614866e-01
9.63063063063063e+07	-9.87187989599055e-01,1.58872307956069e-01
9.63663663663664e+07	-9.81695864778258e-01,1.89666510552103e-01
9.64264264264264e+07	-9.75238863093422e-01,2.20271320845510e-01
9.64864864864865e+07	-9.67823507641750e-01,2.50656540310605e-01
9.65465465465465e+07	-9.59457264667332e-01,2.80792196039678e-01
9.66066066066066e+07	-9.50148535659387e-01,3.10648570073324e-01
9.66666666666667e+07	-9.39906648546586e-01,3.40196228446843e-01
9.67267267267267e+07	-9.28741847998003e-01,3.69406049925711e-01
9.67867867867868e+07	-9.16665284842146e-01,3.98249254403058e-01
9.68468468468468e+07	-9.03689004616280e-01,4.26697430932676e-01
9.69069069069069e+07	-8.89825935258933e-01,4.54722565371692e-01
9.69669669669670e+07	-8.75089873959295e-01,4.82297067607254e-01
9.70270270270270e+07	-8.59495473177923e-01,5.09393798342305e-01
9.70870870870871e+07	-8.43058225853756e-01,5.35986095415977e-01
9.71471471471471e+07	-8.25794449813318e-01,5.62047799634528e-01
9.72072072072072e+07	-8.07721271398416e-01,5.87553280089547e-01
9.72672672672673e+07	-7.88856608329491e-01,6.12477458940463e-01
9.73273273273273e+07	-7.69219151822211e-01,6.36795835639171e-01
9.73873873873874e+07	-7.48828347975645e-01,6.60484510575035e-01
9.74474474474474e+07	-7.27704378450783e-01,6.83520208119257e-01
9.75075075075075e+07	-7.05868140458880e-01,7.05880299048093e-01
9.75675675675676e+07	-6.83341226079563e-01,7.27542822325044e-01
9.76276276276276e+07	-6.60145900929078e-01,7.48486506222948e-01
9.76876876876877e+07	-6.36305082199690e-01,7.68690788767314e-01
9.77477477477477e+07	-6.11842316091724e-01,7.88135837482969e-01
9.78078078078078e+07	-5.86781754659949e-01,8.06802568426961e-01
9.78678678678679e+07	-5.61148132096835e-01,8.24672664490920e-01
9.79279279279279e+07	-5.34966740475325e-01,8.41728592957156e-01
9.79879879879880e+07	-5.08263404974220e-01,8.57953622293270e-01
9.80480480480480e+07	-4.81064458609813e-01,8.73331838170717e-01
9.81081081081081e+07	-4.53396716497570e-01,8.87848158693591e-01
9.81681681681682e+07	-4.25287449667994e-01,9.01488348824529e-01
9.82282282282282e+07	-3.96764358461523e-01,9.14239033995243e-01
9.82882882882883e+07	-3.67855545526873e-01,9.26087712890222e-01
9.83483483483483e+07	-3.38589488448329e-01,9.37022769392435e-01
9.84084084084084e+07	-3.08995012027135e-01,9.47033483680995e-01
9.84684684684685e+07	-2.79101260242782e-01,9.56110042471153e-01
9.85285285285285e+07	-2.48937667919960e-01,9.64243548388001e-01
9.85885885885886e+07	-2.18533932127333e-01,9.71426028465742e-01
9.86486486486486e+07	-1.87919983334305e-01,9.77650441765343e-01
9.87087087087087e+07	-1.57125956352331e-01,9.82910686103999e-01
9.87687687687688e+07	-1.26182161087381e-01,9.87201603890606e-01
9.88288288288288e+07	-9.51190531301845e-02,9.90518987062242e-01
9.88888888888889e+07	-6.39672042111994e-02,9.92859581117351e-01
9.89489489489489e+07	-3.27572725473583e-02,9.94221088242083e-01
9.90090090090090e+07	-1.51997310739853e-03,9.94602169527053e-01
9.90690690690691e+07	2.97139521768688e-02,9.94002446272454e-01
9.91291291291291e+07	6.09137642262416e-02,9.92422500380284e-01
9.91891891891892e+07	9.20487566297138e-02,9.89863873833195e-01
9.92492492492492e+07	1.23088285432528e-01,9.86329067260202e-01
9.93093093093093e+07	1.54001798869635e-01,9.81821537590298e-01
9.93693693693694e+07	1.84758867017460e-01,9.76345694795704e-01
9.94294294294294e+07	2.15329211336502e-01,9.69906897727411e-01
9.94894894894895e+07	2.45682734078141e-01,9.62511449046187e-01
9.95495495495495e+07	2.75789547528289e-01,9.54166589253234e-01
9.96096096096096e+07	3.05620003061181e-01,9.44880489825261e-01
9.96696696696697e+07	3.35144719976457e-01,9.34662245459620e-01
9.97297297297297e+07	3.64334614092809e-01,9.23521865435862e-01
9.97897897897898e+07	3.93160926071970e-01,9.11470264100749e-01
9.98498498498498e+07	4.21595249446326e-01,8.98519250484754e-01
9.99099099099099e+07	4.49609558324402e-01,8.84681517058551e-01
9.99699699699700e+07	4.77176234748014e-01,8.69970627638968e-01
1.00030030030030e+08	5.04268095675627e-01,8.54401004454510e-01
1.00090090090090e+08	5.30858419566392e-01,8.37987914381345e-01
1.00150150150150e+08	5.56920972539627e-01,8.20747454361456e-01
1.00210210210210e+08	5.82430034085124e-01,8.02696536015234e-01
1.00270270270270e+08	6.07360422299483e-01,7.83852869461724e-01
1.00330330330330e+08	6.31687518624382e-01,7.64234946360369e-01
1.00390390390390e+08	6.55387292063009e-01,7.43862022188762e-01
1.00450450450450e+08	6.78436322850943e-01,7.22754097771863e-01
1.00510510510511e+08	7.00811825558769e-01,7.00931900078452e-01
1.00570570570571e+08	7.22491671603421e-01,6.78416862301847e-01
1.00630630630631e+08	7.43454411146240e-01,6.55231103242095e-01
1.00690690690691e+08	7.63679294356005e-01,6.31397406007848e-01
1.00750750750751e+08	7.83146292015586e-01,6.06939196056708e-01
1.00810810810811e+08	8.01836115451574e-01,5.81880518593524e-01
1.00870870870871e+08	8.19730235766589e-01,5.56246015346783e-01
1.00930930930931e+08	8.36810902354599e-01,5.30060900743966e-01
1.00990990990991e+08	8.53061160680314e-01,5.03350937507041e-01
1.01051051051051e+08	8.68464869303895e-01,4.76142411690555e-01
1.01111111111111e+08	8.83006716133363e-01,4.48462107184607e-01
1.01171171171171e+08	8.96672233887292e-01,4.20337279706260e-01
1.01231231231231e+08	9.09447814751294e-01,3.91795630303096e-01
1.01291291291291e+08	9.21320724212447e-01,3.62865278393264e-01
1.01351351351351e+08	9.32279114056317e-01,3.33574734367320e-01
1.01411411411411e+08	9.42312034512319e-01,3.03952871776908e-01
1.01471471471471e+08	9.51409445533569e-01,2.74028899136633e-01
1.01531531531532e+08	9.59562227198292e-01,2.43832331365537e-01
1.01591591591592e+08	9.66762189220688e-01,2.13392960895037e-01
1.01651651651652e+08	9.73002079559799e-01,1.82740828471031e-01
1.01711711711712e+08	9.78275592115975e-01,1.51906193677606e-01
1.01771771771772e+08	9.82577373505102e-01,1.20919505211060e-01
1.01831831831832e+08	9.85903028901879e-01,8.98113709325824e-02
1.01891891891892e+08	9.88249126944126e-01,5.86125277286593e-02
1.01951951951952e+08	9.89613203691089e-01,2.73538112085545e-02
1.02012012012012e+08	9.89993765629598e-01,-3.93387473156301e-03
1.02072072072072e+08	9.89390291722822e-01,-3.52195884479054e-02
1.02132132132132e+08	9.87803234497389e-01,-6.64723811615696e-02
1.02192192192192e+08	9.85234020165465e-01,-9.76613276141952e-02
1.02252252252252e+08	9.81685047779502e-01,-1.28755556735782e-01
1.02312312312312e+08	9.77159687418179e-01,-1.59724282294406e-01
1.02372372372372e+08	9.71662277403206e-01,-1.90536833496733e-01
1.02432432432432e+08	9.65198120547510e-01,-2.21162685508561e-01
1.02492492492492e+08	9.57773479436411e-01,-2.51571489864524e-01
1.02552552552553e+08	9.49395570744423e-01,-2.81733104735637e-01
1.02612612612613e+08	9.40072558591230e-01,-3.11617625024177e-01
1.02672672672673e+08	9.29813546941496e-01,-3.41195412254641e-01
1.02732732732733e+08	9.18628571054188e-01,-3.70437124230020e-01
1.02792792792793e+08	9.06528587988036e-01,-3.99313744422827e-01
1.02852852852853e+08	8.93525466170911e-01,-4.27796611069990e-01
1.02912912912913e+08	8.79631974041720e-01,-4.55857445941684e-01
1.02972972972973e+08	8.64861767774725e-01,-4.83468382753481e-01
1.03033033033033e+08	8.49229378096934e-01,-5.10601995192233e-01
1.03093093093093e+08	8.32750196210386e-01,-5.37231324526027e-01
1.03153153153153e+08	8.15440458832146e-01,-5.63329906768885e-01
1.03213213213213e+08	7.97317232365655e-01,-5.88871799371512e-01
1.03273273273273e+08	7.78398396218476e-01,-6.13831607409291e-01
1.03333333333333e+08	7.58702625281859e-01,-6.38184509239915e-01
1.03393393393393e+08	7.38249371589083e-01,-6.61906281602796e-01
1.03453453453453e+08	7.17058845170144e-01,-6.84973324133327e-01
1.03513513513514e+08	6.95151994121366e-01,-7.07362683265608e-01
1.03573573573574e+08	6.72550483909511e-01,-7.29052075497589e-01
1.03633633633634e+08	6.49276675930782e-01,-7.50019909993519e-01
1.03693693693694e+08	6.25353605345948e-01,-7.70245310499036e-01
1.03753753753754e+08	6.00804958213851e-01,-7.89708136544984e-01
1.03813813813814e+08	5.75655047946248e-01,-8.08389003916742e-01
1.03873873873874e+08	5.49928791107701e-01,-8.26269304366738e-01
1.03933933933934e+08	5.23651682585223e-01,-8.43331224548345e-01
1.03993993993994e+08	4.96849770152978e-01,-8.59557764150465e-01
1.04054054054054e+08	4.69549628458007e-01,-8.74932753212755e-01
1.04114114114114e+08	4.41778332453911e-01,-8.89440868602366e-01
1.04174174174174e+08	4.13563430309822e-01,-9.03067649634016e-01
1.04234234234234e+08	3.84932915822789e-01,-9.15799512816081e-01
1.04294294294294e+08	3.55915200362278e-01,-9.27623765706384e-01
1.04354354354354e+08	3.26539084375854e-01,-9.38528619862343e-01
1.04414414414414e+08	2.96833728486120e-01,-9.48503202871033e-01
1.04474474474474e+08	2.66828624209110e-01,-9.57537569445859e-01
1.04534534534535e+08	2.36553564324654e-01,-9.65622711577553e-01
1.04594594594595e+08	2.06038612930208e-01,-9.72750567728123e-01
1.04654654654655e+08	1.75314075209513e-01,-9.78914031057682e-01
1.04714714714715e+08	1.44410466948095e-01,-9.84106956674925e-01
1.04774774774775e+08	1.13358483827744e-01,-9.88324167903296e-01
1.04834834834835e+08	8.21889705325133e-02,-9.91561461555914e-01
1.04894894894895e+08	5.09328896988811e-02,-9.93815612213461e-01
1.04954954954955e+08	1.96212907430226e-02,-9.95084375500329e-01
1.05015015015015e+08	-1.17147214017014e-02,-9.95366490355531e-01
1.05075075075075e+08	-4.30440176041118e-02,-9.94661680295902e-01
1.05135135135135e+08	-7.43354758779909e-02,-9.92970653670360e-01
1.05195195195195e+08	-1.05558012715172e-01,-9.90295102905096e-01
1.05255255255255e+08	-1.36680614375776e-01,-9.86637702740667e-01
1.05315315315315e+08	-1.67672368102394e-01,-9.82002107463130e-01
1.05375375375375e+08	-1.98502493225157e-01,-9.76392947132538e-01
1.05435435435435e+08	-2.29140372124907e-01,-9.69815822813139e-01
1.05495495495495e+08	-2.59555581021660e-01,-9.62277300810851e-01
1.05555555555556e+08	-2.89717920556119e-01,-9.53784905924563e-01
1.05615615615616e+08	-3.19597446131736e-01,-9.44347113719083e-01
1.05675675675676e+08	-3.49164497985597e-01,-9.33973341828507e-01
1.05735735735736e+08	-3.78389730956680e-01,-9.22673940299903e-01
1.05795795795796e+08	-4.07244143920156e-01,-9.10460180988240e-01
1.05855855855856e+08	-4.35699108857165e-01,-8.97344246014576e-01
1.05915915915916e+08	-4.63726399529556e-01,-8.83339215300617e-01
1.05975975975976e+08	-4.91298219730235e-01,-8.68459053193416e-01
1.06036036036036e+08	-5.18387231079339e-01,-8.52718594195576e-01
1.06096096096096e+08	-5.44966580338089e-01,-8.36133527816568e-01
1.06156156156156e+08	-5.71009926211856e-01,-8.18720382562384e-01
1.06216216216216e+08	-5.96491465615185e-01,-8.00496509081099e-01
1.06276276276276e+08	-6.21385959371943e-01,-7.81480062483256e-01
1.06336336336336e+08	-6.45668757324476e-01,-7.61689983856484e-01
1.06396396396396e+08	-6.69315822826403e-01,-7.41145980994893e-01
1.06456456456456e+08	-6.92303756594460e-01,-7.19868508364359e-01
1.06516516516517e+08	-7.14609819895450e-01,-6.97878746325734e-01
1.06576576576577e+08	-7.36211957045299e-01,-6.75198579638698e-01
1.06636636636637e+08	-7.57088817197912e-01,-6.51850575269770e-01
1.06696696696697e+08	-7.77219775402457e-01,-6.27857959528508e-01
1.06756756756757e+08	-7.96584952908610e-01,-6.03244594556630e-01
1.06816816816817e+08	-8.15165236699883e-01,-5.78034954195711e-01
1.06876876876877e+08	-8.32942298236449e-01,-5.52254099259158e-01
1.06936936936937e+08	-8.49898611389575e-01,-5.25927652235081e-01
1.06996996996997e+08	-8.66017469550663e-01,-4.99081771447153e-01
1.07057057057057e+08	-8.81283001898999e-01,-4.71743124700900e-01
1.07117117117117e+08	-8.95680188813070e-01,-4.43938862443491e-01
1.07177177177177e+08	-9.09194876411534e-01,-4.15696590465198e-01
1.07237237237237e+08	-9.21813790210571e-01,-3.87044342171544e-01
1.07297297297297e+08	-9.33524547885620e-01,-3.58010550454991e-01
1.07357357357357e+08	-9.44315671126334e-01,-3.28624019195673e-01
1.07417417417417e+08	-9.54176596574574e-01,-2.98913894420858e-01
1.07477477477477e+08	-9.63097685836385e-01,-2.68909635152851e-01
1.07537537537538e+08	-9.71070234559695e-01,-2.38640983975729e-01
1.07597597597598e+08	-9.78086480570679e-01,-2.08137937350870e-01
1.07657657657658e+08	-9.84139611062603e-01,-1.77430715711790e-01
1.07717717717718e+08	-9.89223768831965e-01,-1.46549733368792e-01
1.07777777777778e+08	-9.93334057557811e-01,-1.15525568253898e-01
1.07837837837838e+08	-9.96466546121016e-01,-8.43889315367898e-02
1.07897897897898e+08	-9.98618271961383e-01,-5.31706371420144e-02
1.07957957957958e+08	-9.99787243471300e-01,-2.19015711983110e-02
1.08018018018018e+08	-9.99972441425747e-01,9.38733854957855e-03
1.08078078078078e+08	-9.99173819449364e-01,4.06651533363158e-02
1.08138138138138e+08	-9.97392303522252e-01,7.19009539482629e-02
1.08198198198198e+08	-9.94629790527137e-01,1.03063871242647e-01
1.08258258258258e+08	-9.90889145841432e-01,1.34123116583634e-01
1.08318318318318e+08	-9.86174199978695e-01,1.65048012165571e-01
1.08378378378378e+08	-9.80489744284820e-01,1.95808021194196e-01
1.08438438438438e+08	-9.73841525695289e-01,2.26372777896305e-01
1.08498498498498e+08	-9.66236240560603e-01,2.56712117329200e-01
1.08558558558559e+08	-9.57681527547913e-01,2.86796104961385e-01
1.08618618618619e+08	-9.48185959627763e-01,3.16595065996068e-01
1.08678678678679e+08	-9.37759035155580e-01,3.46079614409929e-01
1.08738738738739e+08	-9.26411168058534e-01,3.75220681679320e-01
1.08798798798799e+08	-9.14153677138990e-01,4.03989545167216e-01
1.08858858858859e+08	-9.00998774506733e-01,4.32357856144055e-01
1.08918918918919e+08	-8.86959553152822e-01,4.60297667416360e-01
1.08978978978979e+08	-8.72049973678677e-01,4.87781460537500e-01
1.09039039039039e+08	-8.56284850194838e-01,5.14782172575248e-01
1.09099099099099e+08	-8.39679835404279e-01,5.41273222411756e-01
1.09159159159159e+08	-8.22251404886255e-01,5.67228536551365e-01
1.09219219219219e+08	-8.04016840596944e-01,5.92622574412990e-01
1.09279279279279e+08	-7.84994213604073e-01,6.17430353083763e-01
1.09339339339339e+08	-7.65202366073141e-01,6.41627471511694e-01
1.09399399399399e+08	-7.44660892523690e-01,6.65190134115174e-01
1.09459459459459e+08	-7.23390120374370e-01,6.88095173788369e-01
1.09519519519520e+08	-7.01411089796577e-01,7.10320074281400e-01
1.09579579579580e+08	-6.78745532896337e-01,7.31842991935751e-01
1.09639639639640e+08	-6.55415852245392e-01,7.52642776755039e-01
1.09699699699700e+08	-6.31445098782317e-01,7.72698992792723e-01
1.09759759759760e+08	-6.06856949105388e-01,7.91991937838489e-01
1.09819819819820e+08	-5.81675682179203e-01,8.10502662385938e-01
1.09879879879880e+08	-5.55926155477702e-01,8.28212987864760e-01
1.09939939939940e+08	-5.29633780586258e-01,8.45105524121541e-01
1.10000000000000e+08	-5.02824498286570e-01,8.61163686133553e-01
1.10060060060060e+08	-4.75524753147802e-01,8.76371709941127e-01
1.10120120120120e+08	-4.47761467648243e-01,8.90714667784565e-01
1.10180180180180e+08	-4.19562015852002e-01,9.04178482432329e-01
1.10240240240240e+08	-3.90954196665462e-01,9.16749940688116e-01
1.10300300300300e+08	-3.61966206698645e-01,9.28416706065004e-01
1.10360360360360e+08	-3.32626612756976e-01,9.39167330615624e-01
1.10420420420420e+08	-3.02964323989106e-01,9.48991265908100e-01
1.10480480480480e+08	-2.73008563716766e-01,9.57878873138262e-01
1.10540540540541e+08	-2.42788840972752e-01,9.65821432369277e-01
1.10600600600601e+08	-2.12334921773693e-01,9.72811150890709e-01
1.10660660660661e+08	-1.81676800153831e-01,9.78841170689770e-01
1.10720720720721e+08	-1.50844668987084e-01,9.83905575028186e-01
1.10780780780781e+08	-1.19868890623856e-01,9.87999394119018e-01
1.10840840840841e+08	-8.87799673699844e-02,9.91118609898435e-01
1.10900900900901e+08	-5.76085118349970e-02,9.93260159888212e-01
1.10960960960961e+08	-2.63852171768873e-02,9.94421940145609e-01
1.11021021021021e+08	4.85917272922599e-03,9.94602807297919e-01
1.11081081081081e+08	3.60938931708030e-02,9.93802579659832e-01
1.11141141141141e+08	6.72881884989197e-02,9.92022037432542e-01
1.11201201201201e+08	9.84113420226960e-02,9.89262921984305e-01
1.11261261261261e+08	1.29432705869802e-01,9.85527934212839e-01
1.11321321321321e+08	1.60321730785530e-01,9.80820731990933e-01
1.11381381381381e+08	1.91047995842796e-01,9.75145926697225e-01
1.11441441441441e+08	2.21581238035801e-01,9.68509078834982e-01
1.11501501501502e+08	2.51891381729967e-01,9.60916692742512e-01
1.11561561561562e+08	2.81948567940781e-01,9.52376210399535e-01
1.11621621621622e+08	3.11723183414506e-01,9.42896004334741e-01
1.11681681681682e+08	3.41185889483624e-01,9.32485369640443e-01
1.11741741741742e+08	3.70307650670355e-01,9.21154515100998e-01
1.11801801801802e+08	3.99059763011201e-01,9.08914553442611e-01
1.11861861861862e+08	4.27413882076415e-01,8.95777490712620e-01
1.11921921921922e+08	4.55342050657744e-01,8.81756214797487e-01
1.11981981981982e+08	4.82816726098620e-01,8.66864483089130e-01
1.12042042042042e+08	5.09810807240910e-01,8.51116909310266e-01
1.12102102102102e+08	5.36297660962650e-01,8.34528949510066e-01
1.12162162162162e+08	5.62251148281589e-01,8.17116887242206e-01
1.12222222222222e+08	5.87645649999683e-01,7.98897817938062e-01
1.12282282282282e+08	6.12456091863700e-01,7.79889632488850e-01
1.12342342342342e+08	6.36657969218108e-01,7.60111000050693e-01
1.12402402402402e+08	6.60227371125994e-01,7.39581350088006e-01
1.12462462462462e+08	6.83141003934929e-01,7.18320853670666e-01
1.12522522522523e+08	7.05376214264489e-01,6.96350404041664e-01
1.12582582582583e+08	7.26911011393034e-01,6.73691596472351e-01
1.12642642642643e+08	7.47724089021554e-01,6.50366707423154e-01
1.12702702702703e+08	7.67794846393038e-01,6.26398673028346e-01
1.12762762762763e+08	7.87103408746204e-01,6.01811066924170e-01
1.12822822822823e+08	8.05630647083029e-01,5.76628077440211e-01
1.12882882882883e+08	8.23358197230076e-01,5.50874484174630e-01
1.12942942942943e+08	8.40268478174192e-01,5.24575633974415e-01
1.13003003003003e+08	8.56344709653740e-01,4.97757416342540e-01
1.13063063063063e+08	8.71570928987065e-01,4.70446238294560e-01
1.13123123123123e+08	8.85932007120700e-01,4.42668998687643e-01
1.13183183183183e+08	8.99413663880365e-01,4.14453062045676e-01
1.13243243243243e+08	9.12002482408480e-01,3.85826231904736e-01
1.13303303303303e+08	9.23685922772732e-01,3.56816723703613e-01
1.13363363363363e+08	9.34452334730767e-01,3.27453137244842e-01
1.13423423423423e+08	9.44290969637081e-01,2.97764428751793e-01
1.13483483483483e+08	9.53191991478665e-01,2.67779882548454e-01
1.13543543543544e+08	9.61146487026959e-01,2.37529082388425e-01
1.13603603603604e+08	9.68146475094370e-01,2.07041882460497e-01
1.13663663663664e+08	9.74184914884441e-01,1.76348378098412e-01
1.13723723723724e+08	9.79255713425594e-01,1.45478876222918e-01
1.13783783783784e+08	9.83353732079238e-01,1.14463865544541e-01
1.13843843843844e+08	9.86474792113902e-01,8.33339865558682e-02
1.13903903903904e+08	9.88615679337919e-01,5.21200013424475e-02
1.13963963963964e+08	9.89774147784104e-01,2.08527632417914e-02
1.14024024024024e+08	9.89948922440773e-01,-1.04368136198002e-02
1.14084084084084e+08	9.89139701024409e-01,-4.17177848827027e-02
1.14144144144144e+08	9.87347154790168e-01,-7.29592065715394e-02
1.14204204204204e+08	9.84572928377424e-01,-1.04130165744439e-01
1.14264264264264e+08	9.80819638688484e-01,-1.35199811143490e-01
1.14324324324324e+08	9.76090872799599e-01,-1.66137383815746e-01
1.14384384384384e+08	9.70391184904346e-01,-1.96912247674063e-01
1.14444444444444e+08	9.63726092290493e-01,-2.27493919966916e-01
1.14504504504505e+08	9.56102070352404e-01,-2.57852101626414e-01
1.14564564564565e+08	9.47526546642105e-01,-2.87956707463549e-01
1.14624624624625e+08	9.38007893963052e-01,-3.17777896180134e-01
1.14684684684685e+08	9.27555422511761e-01,-3.47286100166381e-01
1.14744744744745e+08	9.16179371073363e-01,-3.76452055053771e-01
1.14804804804805e+08	9.03890897278234e-01,-4.05246828992571e-01
1.14864864864865e+08	8.90702066927830e-01,-4.33641851623779e-01
1.14924924924925e+08	8.76625842398857e-01,-4.61608942715340e-01
1.14984984984985e+08	8.61676070135980e-01,-4.89120340432778e-01
1.15045045045045e+08	8.45867467244125e-01,-5.16148729214771e-01
1.15105105105105e+08	8.29215607192596e-01,-5.42667267224340e-01
1.15165165165165e+08	8.11736904644127e-01,-5.68649613346721e-01
1.15225225225225e+08	7.93448599422965e-01,-5.94069953705482e-01
1.15285285285285e+08	7.74368739637057e-01,-6.18903027668763e-01
1.15345345345345e+08	7.54516163970376e-01,-6.43124153318063e-01
1.15405405405405e+08	7.33910483162373e-01,-6.66709252352360e-01
1.15465465465465e+08	7.12572060692449e-01,-6.89634874401009e-01
1.15525525525526e+08	6.90521992688285e-01,-7.11878220719365e-01
1.15585585585586e+08	6.67782087077684e-01,-7.33417167241730e-01
1.15645645645646e+08	6.44374842004581e-01,-7.54230286966704e-01
1.15705705705706e+08	6.20323423530550e-01,-7.74296871650988e-01
1.15765765765766e+08	5.95651642644291e-01,-7.93596952787855e-01
1.15825825825826e+08	5.70383931601887e-01,-8.12111321847966e-01
1.15885885885886e+08	5.44545319621970e-01,-8.29821549760194e-01
1.15945945945946e+08	5.18161407960267e-01,-8.46710005611501e-01
1.16006006006006e+08	4.91258344388962e-01,-8.62759874545350e-01
1.16066066066066e+08	4.63862797106855e-01,-8.77955174839278e-01
1.16126126126126e+08	4.36001928107217e-01,-8.92280774142757e-01
1.16186186186186e+08	4.07703366030621e-01,-9.05722404857728e-01
1.16246246246246e+08	3.78995178530758e-01,-9.18266678644947e-01
1.16306306306306e+08	3.49905844181827e-01,-9.29901100040166e-01
1.16366366366366e+08	3.20464223956747e-01,-9.40614079165229e-01
1.16426426426426e+08	2.90699532305718e-01,-9.50394943520144e-01
1.16486486486486e+08	2.60641307865343e-01,-9.59233948843160e-01
1.16546546546547e+08	2.30319383828779e-01,-9.67122289026898e-01
1.16606606606607e+08	1.99763858008087e-01,-9.74052105079679e-01
1.16666666666667e+08	1.69005062619960e-01,-9.80016493122142e-01
1.16726726726727e+08	1.38073533826645e-01,-9.85009511410427e-01
1.16786786786787e+08	1.06999981063922e-01,-9.89026186378222e-01
1.16846846846847e+08	7.58152561885040e-02,-9.92062517691027e-01
1.16906906906907e+08	4.45503224770731e-02,-9.94115482307162e-01
1.16966966966967e+08	1.32362235100169e-02,-9.95183037541100e-01
1.17027027027027e+08	-1.80959480280049e-02,-9.95264123125826e-01
1.17087087087087e+08	-4.94150815971844e-02,-9.94358662272079e-01
1.17147147147147e+08	-8.06900800689656e-02,-9.92467561723345e-01
1.17207207207207e+08	-1.11889890976462e-01,-9.89592710806777e-01
1.17267267267267e+08	-1.42983537716341e-01,-9.85736979481083e-01
1.17327327327327e+08	-1.73940150668955e-01,-9.80904215383822e-01
1.17387387387387e+08	-2.04728998204366e-01,-9.75099239881379e-01
1.17447447447447e+08	-2.35319517541506e-01,-9.68327843126278e-01
1.17507507507508e+08	-2.65681345428234e-01,-9.60596778127305e-01
1.17567567567568e+08	-2.95784348609978e-01,-9.51913753839260e-01
1.17627627627628e+08	-3.25598654055230e-01,-9.42287427280075e-01
1.17687687687688e+08	-3.55094678906239e-01,-9.31727394684193e-01
1.17747747747748e+08	-3.84243160123782e-01,-9.20244181702061e-01
1.17807807807808e+08	-4.13015183795054e-01,-9.07849232656731e-01
1.17867867867868e+08	-4.41382214074216e-01,-8.94554898869636e-01
1.17927927927928e+08	-4.69316121725852e-01,-8.80374426068319e-01
1.17987987987988e+08	-4.96789212241528e-01,-8.65321940890367e-01
1.18048048048048e+08	-5.23774253500746e-01,-8.49412436498267e-01
1.18108108108108e+08	-5.50244502947805e-01,-8.32661757321185e-01
1.18168168168168e+08	-5.76173734256613e-01,-8.15086582940571e-01
1.18228228228228e+08	-6.01536263456483e-01,-7.96704411137107e-01
1.18288288288288e+08	-6.26306974492130e-01,-7.77533540117825e-01
1.18348348348348e+08	-6.50461344192150e-01,-7.57593049942714e-01
1.18408408408408e+08	-6.73975466620686e-01,-7.36902783171143e-01
1.18468468468468e+08	-6.96826076788008e-01,-7.15483324749110e-01
1.18528528528529e+08	-7.18990573696070e-01,-6.93355981159301e-01
1.18588588588589e+08	-7.40447042696327e-01,-6.70542758856477e-01
1.18648648648649e+08	-7.61174277137754e-01,-6.47066342011301e-01
1.18708708708709e+08	-7.81151799283599e-01,-6.22950069586911e-01
1.18768768768769e+08	-8.00359880476588e-01,-5.98217911772590e-01
1.18828828828829e+08	-8.18779560532987e-01,-5.72894445799875e-01
1.18888888888889e+08	-8.36392666346820e-01,-5.47004831166899e-01
1.18948948948949e+08	-8.53181829686509e-01,-5.20574784297297e-01
1.19009009009009e+08	-8.69130504167033e-01,-4.93630552660536e-01
1.19069069069069e+08	-8.84222981381636e-01,-4.66198888381176e-01
1.19129129129129e+08	-8.98444406178193e-01,-4.38307021364592e-01
1.19189189189189e+08	-9.11780791066059e-01,-4.09982631967652e-01
1.19249249249249e+08	-9.24219029740396e-01,-3.81253823242777e-01
1.19309309309309e+08	-9.35746909711857e-01,-3.52149092784297e-01
1.19369369369369e+08	-9.46353124030412e-01,-3.22697304206528e-01
1.19429429429429e+08	-9.56027282093237e-01,-2.92927658282923e-01
1.19489489489489e+08	-9.64759919527427e-01,-2.62869663776125e-01
1.19549549549550e+08	-9.72542507139368e-01,-2.32553107988903e-01
1.19609609609610e+08	-9.79367458923557e-01,-2.02008027066152e-01
1.19669669669670e+08	-9.85228139124668e-01,-1.71264676078080e-01
1.19729729729730e+08	-9.90118868347622e-01,-1.40353498915167e-01
1.19789789789790e+08	-9.94034928711411e-01,-1.09305098025412e-01
1.19849849849850e+08	-9.96972568043488e-01,-7.81502040239952e-02
1.19909909909910e+08	-9.98929003112373e-01,-4.69196452062764e-02
1.19969969969970e+08	-9.99902421897219e-01,-1.56443169944687e-02
1.20030030030030e+08	-9.99891984893991e-01,1.56448486515592e-02
1.20090090090090e+08	-9.98897825458911e-01,4.69169138291426e-02
1.20150150150150e+08	-9.96921049190726e-01,7.81409652628241e-02
1.20210210210210e+08	-9.93963732354335e-01,1.09286144819685e-01
1.20270270270270e+08	-9.90028919349254e-01,1.40321679939914e-01
1.20330330330330e+08	-9.85120619227281e-01,1.71216913952904e-01
1.20390390390390e+08	-9.79243801264648e-01,2.01941336249632e-01
1.20450450450450e+08	-9.72404389594906e-01,2.32464612281662e-01
1.20510510510511e+08	-9.64609256909555e-01,2.62756613358237e-01
1.20570570570571e+08	-9.55866217234404e-01,2.92787446212636e-01
1.20630630630631e+08	-9.46184017790481e-01,3.22527482309449e-01
1.20690690690691e+08	-9.35572329949109e-01,3.51947386864986e-01
1.20750750750751e+08	-9.24041739291651e-01,3.81018147553095e-01
1.20810810810811e+08	-9.11603734785212e-01,4.09711102869302e-01
1.20870870870871e+08	-8.98270697086320e-01,4.37997970126644e-01
1.20930930930931e+08	-8.84055885985545e-01,4.65850873056643e-01
1.20990990990991e+08	-8.68973427006565e-01,4.93242368989882e-01
1.21051051051051e+08	-8.53038297174103e-01,5.20145475590677e-01
1.21111111111111e+08	-8.36266309965767e-01,5.46533697121080e-01
1.21171171171171e+08	-8.18674099463588e-01,5.72381050209925e-01
1.21231231231231e+08	-8.00279103721791e-01,5.97662089102998e-01
1.21291291291291e+08	-7.81099547367715e-01,6.22351930371494e-01
1.21351351351351e+08	-7.61154423453964e-01,6.46426277055635e-01
1.21411411411411e+08	-7.40463474579903e-01,6.69861442221838e-01
1.21471471471471e+08	-7.19047173301718e-01,6.92634371911693e-01
1.21531531531532e+08	-6.96926701850511e-01,7.14722667462142e-01
1.21591591591592e+08	-6.74123931178600e-01,7.36104607176535e-01
1.21651651651652e+08	-6.50661399354838e-01,7.56759167327044e-01
1.21711711711712e+08	-6.26562289330050e-01,7.76666042469570e-01
1.21771771771772e+08	-6.01850406094390e-01,7.95805665052915e-01
1.21831831831832e+08	-5.76550153248895e-01,8.14159224304602e-01
1.21891891891892e+08	-5.50686509013784e-01,8.31708684376619e-01
1.21951951951952e+08	-5.24285001696823e-01,8.48436801734743e-01
1.22012012012012e+08	-4.97371684645186e-01,8.64327141776125e-01
1.22072072072072e+08	-4.69973110704736e-01,8.79364094660408e-01
1.22132132132132e+08	-4.42116306211294e-01,8.93532890340179e-01
1.22192192192192e+08	-4.13828744538353e-01,9.06819612777678e-01
1.22252252252252e+08	-3.85138319226479e-01,9.19211213335073e-01
1.22312312312312e+08	-3.56073316719570e-01,9.30695523326606e-01
1.22372372372372e+08	-3.26662388733965e-01,9.41261265721398e-01
1.22432432432432e+08	-2.96934524286104e-01,9.50898065986748e-01
1.22492492492492e+08	-2.66919021404911e-01,9.59596462062380e-01
1.22552552552553e+08	-2.36645458555717e-01,9.67347913456777e-01
1.22612612612613e+08	-2.06143665802044e-01,9.74144809457657e-01
1.22672672672673e+08	-1.75443695732302e-01,9.79980476449396e-01
1.22732732732733e+08	-1.44575794178471e-01,9.84849184330882e-01
1.22792792792793e+08	-1.13570370753940e-01,9.88746152028205e-01
1.22852852852853e+08	-8.24579692378696e-02,9.91667552097239e-01
1.22912912912913e+08	-5.12692378337725e-02,9.93610514412080e-01
1.22972972972973e+08	-2.00348993294105e-02,9.94573128936025e-01
1.23033033033033e+08	1.12142788136814e-02,9.94554447572570e-01
1.23093093093093e+08	4.24475144138320e-02,9.93554485094719e-01
1.23153153153153e+08	7.36340405380154e-02,9.91574219151727e-01
1.23213213213213e+08	1.04743135458025e-01,9.88615589353097e-01
1.23273273273273e+08	1.35744152566354e-01,9.84681495430555e-01
1.23333333333333e+08	1.66606550223784e-01,9.79775794479459e-01
1.23393393393393e+08	1.97299921511198e-01,9.73903297281925e-01
1.23453453453453e+08	2.27794023857925e-01,9.67069763714740e-01
1.23513513513514e+08	2.58058808518893e-01,9.59281897245917e-01
1.23573573573574e+08	2.88064449873155e-01,9.50547338524567e-01
1.23633633633634e+08	3.17781374516547e-01,9.40874658069579e-01
1.23693693693694e+08	3.47180290121255e-01,9.30273348063277e-01
1.23753753753754e+08	3.76232214035105e-01,9.18753813257141e-01
1.23813813813814e+08	4.04908501593809e-01,9.06327360997478e-01
1.23873873873874e+08	4.33180874119586e-01,8.93006190379518e-01
1.23933933933934e+08	4.61021446579671e-01,8.78803380539460e-01
1.23993993993994e+08	4.88402754878488e-01,8.63732878094530e-01
1.24054054054054e+08	5.15297782757797e-01,8.47809483742050e-01
1.24114114114114e+08	5.41679988278816e-01,8.31048838029272e-01
1.24174174174174e+08	5.67523329861637e-01,8.13467406306239e-01
1.24234234234234e+08	5.92802291856278e-01,7.95082462875194e-01
1.24294294294294e+08	6.17491909621362e-01,7.75912074350253e-01
1.24354354354354e+08	6.41567794085871e-01,7.55975082242185e-01
1.24414414414414e+08	6.65006155770274e-01,7.35291084783715e-01
1.24474474474474e+08	6.87783828243667e-01,7.13880418011459e-01
1.24534534534535e+08	7.09878290993800e-01,6.91764136121592e-01
1.24594594594595e+08	7.31267691687817e-01,6.68963991116480e-01
1.24654654654655e+08	7.51930867801395e-01,6.45502411760944e-01
1.24714714714715e+08	7.71847367595031e-01,6.21402481866850e-01
1.24774774774775e+08	7.90997470416335e-01,5.96687917925882e-01
1.24834834834835e+08	8.09362206308083e-01,5.71383046110688e-01
1.24894894894895e+08	8.26923374902166e-01,5.45512778665325e-01
1.24954954954955e+08	8.43663563580143e-01,5.19102589706716e-01
1.25015015015015e+08	8.59566164881785e-01,4.92178490459343e-01
1.25075075075075e+08	8.74615393143743e-01,4.64767003945825e-01
1.25135135135135e+08	8.88796300350900e-01,4.36895139156969e-01
1.25195195195195e+08	9.02094791183834e-01,4.08590364725218e-01
1.25255255255255e+08	9.14497637246440e-01,3.79880582125935e-01
1.25315315315315e+08	9.25992490458428e-01,3.50794098431915e-01
1.25375375375375e+08	9.36567895598376e-01,3.21359598646153e-01
1.25435435435435e+08	9.46213301983397e-01,2.91606117639628e-01
1.25495495495495e+08	9.54919074272662e-01,2.61563011720109e-01
1.25555555555556e+08	9.62676502382502e-01,2.31259929859386e-01
1.25615615615616e+08	9.69477810501847e-01,2.00726784606019e-01
1.25675675675676e+08	9.75316165197395e-01,1.69993722711854e-01
1.25735735735736e+08	9.80185682598900e-01,1.39091095500365e-01
1.25795795795796e+08	9.84081434655819e-01,1.08049429005232e-01
1.25855855855856e+08	9.86999454457301e-01,7.68993939085026e-02
1.25915915915916e+08	9.88936740608582e-01,4.56717753072150e-02
1.25975975975976e+08	9.89891260657582e-01,1.43974423383184e-02
1.26036036036036e+08	9.89861953566580e-01,-1.68926823085425e-02
1.26096096096096e+08	9.88848731224639e-01,-4.81676529603545e-02
1.26156156156156e+08	9.86852478997474e-01,-7.93965315818522e-02
1.26216216216216e+08	9.83875055312403e-01,-1.10548418418042e-01
1.26276276276276e+08	9.79919290276949e-01,-1.41592482627816e-01
1.26336336336336e+08	9.74988983330678e-01,-1.72497992877858e-01
1.26396396396396e+08	9.69088899930797e-01,-2.03234347866221e-01
1.26456456456456e+08	9.62224767273062e-01,-2.33771106744851e-01
1.26516516516517e+08	9.54403269050501e-01,-2.64078019410301e-01
1.26576576576577e+08	9.45632039253467e-01,-2.94125056631993e-01
1.26636636636637e+08	9.35919655015581e-01,-3.23882439987193e-01
1.26696696696697e+08	9.25275628510998e-01,-3.53320671572390e-01
1.26756756756757e+08	9.13710397909628e-01,-3.82410563460376e-01
1.26816816816817e+08	9.01235317397701e-01,-4.11123266873060e-01
1.26876876876877e+08	8.87862646272313e-01,-4.39430301039575e-01
1.26936936936937e+08	8.73605537119460e-01,-4.67303581709997e-01
1.26996996996997e+08	8.58478023085932e-01,-4.94715449295253e-01
1.27057057057057e+08	8.42495004256771e-01,-5.21638696603576e-01
1.27117117117117e+08	8.25672233150576e-01,-5.48046596144840e-01
1.27177177177177e+08	8.08026299346251e-01,-5.73912926973958e-01
1.27237237237237e+08	7.89574613255539e-01,-5.99212001045309e-01
1.27297297297297e+08	7.70335389056633e-01,-6.23918689050442e-01
1.27357357357357e+08	7.50327626805270e-01,-6.48008445711657e-01
1.27417417417417e+08	7.29571093740524e-01,-6.71457334504715e-01
1.27477477477477e+08	7.08086304803318e-01,-6.94242051784561e-01
1.27537537537538e+08	6.85894502386763e-01,-7.16339950288235e-01
1.27597597597598e+08	6.63017635338220e-01,-7.37729061990017e-01
1.27657657657658e+08	6.39478337233791e-01,-7.58388120284310e-01
1.27717717717718e+08	6.15299903946849e-01,-7.78296581472529e-01
1.27777777777778e+08	5.90506270532971e-01,-7.97434645530993e-01
1.27837837837838e+08	5.65121987454587e-01,-8.15783276137325e-01
1.27897897897898e+08	5.39172196169060e-01,-8.33324219933995e-01
1.27957957957958e+08	5.12682604105190e-01,-8.50040025008038e-01
1.28018018018018e+08	4.85679459053202e-01,-8.65914058567149e-01
1.28078078078078e+08	4.58189522994637e-01,-8.80930523792825e-01
1.28138138138138e+08	4.30240045398799e-01,-8.95074475852393e-01
1.28198198198198e+08	4.01858736012880e-01,-9.08331837052628e-01
1.28258258258258e+08	3.73073737174156e-01,-9.20689411118313e-01
1.28318318318318e+08	3.43913595672423e-01,-9.32134896580373e-01
1.28378378378378e+08	3.14407234192023e-01,-9.42656899258897e-01
1.28438438438438e+08	2.84583922362821e-01,-9.52244943827514e-01
1.28498498498498e+08	2.54473247450202e-01,-9.60889484446570e-01
1.28558558558559e+08	2.24105084714593e-01,-9.68581914453395e-01
1.28618618618619e+08	1.93509567471396e-01,-9.75314575099177e-01
1.28678678678679e+08	1.62717056882374e-01,-9.81080763322946e-01
1.28738738738739e+08	1.31758111510128e-01,-9.85874738554153e-01
1.28798798798799e+08	1.00663456667420e-01,-9.89691728536456e-01
1.28858858858859e+08	6.94639535934141e-02,-9.92527934166435e-01
1.28918918918919e+08	3.81905684890132e-02,-9.94380533341939e-01
1.28978978978979e+08	6.87434144368937e-03,-9.95247683815964e-01
1.29039039039039e+08	-2.44536447135047e-02,-9.95128525052994e-01
1.29099099099099e+08	-5.57622956063989e-02,-9.94023179085875e-01
1.29159159159159e+08	-8.70205365147091e-02,-9.91932750372344e-01
1.29219219219219e+08	-1.18197343555244e-01,-9.88859324651521e-01
1.29279279279279e+08	-1.49261774808302e-01,-9.84805966801678e-01
1.29339339339339e+08	-1.80183001356924e-01,-9.79776717701775e-01
1.29399399399399e+08	-2.10930338206671e-01,-9.73776590100336e-01
1.29459459459459e+08	-2.41473275053336e-01,-9.66811563496256e-01
1.29519519519520e+08	-2.71781506866778e-01,-9.58888578037347e-01
1.29579579579580e+08	-3.01824964258687e-01,-9.50015527443377e-01
1.29639639639640e+08	-3.31573843603068e-01,-9.40201250961534e-01
1.29699699699700e+08	-3.60998636877803e-01,-9.29455524363136e-01
1.29759759759760e+08	-3.90070161196520e-01,-9.17789049991716e-01
1.29819819819820e+08	-4.18759588000043e-01,-9.05213445873332e-01
1.29879879879880e+08	-4.47038471877422e-01,-8.91741233901221e-01
1.29939939939940e+08	-4.74878778986698e-01,-8.77385827107700e-01
1.30000000000000e+08	-5.02252915046172e-01,-8.62161516037411e-01
