time	V(n001)	V(n002)	V(n003)
0.000000000000000e+00	0.000000e+00	0.000000e+00	0.000000e+00
1.006310719978738e-09	0.000000e+00	0.000000e+00	0.000000e+00
2.000000000000000e-09	-8.985647e-13	0.000000e+00	0.000000e+00
2.000100000000000e-09	5.000000e-01	0.000000e+00	0.000000e+00
2.000300000000000e-09	5.000000e-01	0.000000e+00	0.000000e+00
2.027499999999997e-09	5.000000e-01	0.000000e+00	0.000000e+00
3.051499999999888e-09	5.000000e-01	0.000000e+00	0.000000e+00
4.075499999999924e-09	5.000000e-01	0.000000e+00	0.000000e+00
5.099500000000238e-09	5.000000e-01	0.000000e+00	0.000000e+00
6.123500000000552e-09	5.000000e-01	0.000000e+00	0.000000e+00
7.147500000000866e-09	5.000000e-01	0.000000e+00	0.000000e+00
8.171500000000584e-09	5.000000e-01	0.000000e+00	0.000000e+00
9.195500000000051e-09	5.000000e-01	0.000000e+00	0.000000e+00
1.021949999999952e-08	5.000000e-01	0.000000e+00	0.000000e+00
1.124349999999898e-08	5.000000e-01	0.000000e+00	0.000000e+00
1.226749999999845e-08	5.000000e-01	0.000000e+00	0.000000e+00
1.329149999999792e-08	5.000000e-01	0.000000e+00	0.000000e+00
1.431549999999739e-08	5.000000e-01	0.000000e+00	0.000000e+00
1.533949999999758e-08	5.000000e-01	0.000000e+00	0.000000e+00
1.636349999999874e-08	5.000000e-01	0.000000e+00	0.000000e+00
1.738749999999990e-08	5.000000e-01	0.000000e+00	0.000000e+00
1.841150000000106e-08	5.000000e-01	0.000000e+00	0.000000e+00
1.943550000000222e-08	5.000000e-01	0.000000e+00	0.000000e+00
2.028650000000319e-08	5.000000e-01	-3.923094e-14	0.000000e+00
2.028750000000319e-08	5.000000e-01	1.250000e-01	0.000000e+00
2.028850000000319e-08	5.000000e-01	3.750000e-01	0.000000e+00
2.028950000000319e-08	5.000000e-01	5.000000e-01	0.000000e+00
2.045950000000338e-08	5.000000e-01	5.000000e-01	0.000000e+00
2.148350000000454e-08	5.000000e-01	5.000000e-01	0.000000e+00
2.250750000000571e-08	5.000000e-01	5.000000e-01	0.000000e+00
2.353150000000687e-08	5.000000e-01	5.000000e-01	0.000000e+00
2.455550000000803e-08	5.000000e-01	5.000000e-01	0.000000e+00
2.557950000000919e-08	5.000000e-01	5.000000e-01	0.000000e+00
2.660350000001035e-08	5.000000e-01	5.000000e-01	0.000000e+00
2.762750000001151e-08	5.000000e-01	5.000000e-01	0.000000e+00
2.865150000001267e-08	5.000000e-01	5.000000e-01	0.000000e+00
2.967550000001383e-08	5.000000e-01	5.000000e-01	0.000000e+00
3.069950000001499e-08	5.000000e-01	5.000000e-01	0.000000e+00
3.172350000001615e-08	5.000000e-01	5.000000e-01	0.000000e+00
3.274750000001731e-08	5.000000e-01	5.000000e-01	0.000000e+00
3.377150000001847e-08	5.000000e-01	5.000000e-01	0.000000e+00
3.479550000001964e-08	5.000000e-01	5.000000e-01	0.000000e+00
3.581950000002080e-08	5.000000e-01	5.000000e-01	0.000000e+00
3.684350000002196e-08	5.000000e-01	5.000000e-01	0.000000e+00
3.786750000002312e-08	5.000000e-01	5.000000e-01	0.000000e+00
3.889150000002428e-08	5.000000e-01	5.000000e-01	0.000000e+00
3.991550000002544e-08	5.000000e-01	5.000000e-01	0.000000e+00
4.093950000002660e-08	5.000000e-01	5.000000e-01	0.000000e+00
4.196350000002776e-08	5.000000e-01	5.000000e-01	0.000000e+00
4.298750000002893e-08	5.000000e-01	5.000000e-01	0.000000e+00
4.401150000003009e-08	5.000000e-01	5.000000e-01	0.000000e+00
4.503550000003125e-08	5.000000e-01	5.000000e-01	0.000000e+00
4.605950000003241e-08	5.000000e-01	5.000000e-01	0.000000e+00
4.708350000003357e-08	5.000000e-01	5.000000e-01	9.969577e-24
4.771850000003429e-08	5.000000e-01	5.000000e-01	3.110609e-09
4.771950000003429e-08	5.000000e-01	5.000000e-01	2.000000e-01
4.772050000003429e-08	5.000000e-01	5.000000e-01	6.000000e-01
4.772150000003429e-08	5.000000e-01	5.000000e-01	8.000000e-01
4.810750000003473e-08	5.000000e-01	5.000000e-01	8.000000e-01
4.913150000003589e-08	5.000000e-01	5.000000e-01	8.000000e-01
5.015550000003705e-08	5.000000e-01	5.000000e-01	8.000000e-01
5.117950000003821e-08	5.000000e-01	5.000000e-01	8.000000e-01
5.220350000003938e-08	5.000000e-01	5.000000e-01	8.000000e-01
5.322750000004054e-08	5.000000e-01	5.000000e-01	8.000000e-01
5.425150000004170e-08	5.000000e-01	5.000000e-01	8.000000e-01
5.527550000004286e-08	5.000000e-01	5.000000e-01	8.000000e-01
5.629950000004402e-08	5.000000e-01	5.000000e-01	8.000000e-01
5.732350000004518e-08	5.000000e-01	5.000000e-01	8.000000e-01
5.834750000004634e-08	5.000000e-01	5.000000e-01	8.000000e-01
5.937150000004750e-08	5.000000e-01	5.000000e-01	8.000000e-01
6.039550000004866e-08	5.000000e-01	5.000000e-01	8.000000e-01
6.141950000004982e-08	5.000000e-01	5.000000e-01	8.000000e-01
6.244350000005098e-08	5.000000e-01	5.000000e-01	8.000000e-01
6.346750000005214e-08	5.000000e-01	5.000000e-01	8.000000e-01
6.449150000005330e-08	5.000000e-01	5.000000e-01	8.000000e-01
6.551550000005446e-08	5.000000e-01	5.000000e-01	8.000000e-01
6.653950000005562e-08	5.000000e-01	5.000000e-01	8.000000e-01
6.756350000005679e-08	5.000000e-01	5.000000e-01	8.000000e-01
6.858750000005795e-08	5.000000e-01	5.000000e-01	8.000000e-01
6.961150000005911e-08	5.000000e-01	5.000000e-01	8.000000e-01
7.063550000006027e-08	5.000000e-01	5.000000e-01	8.000000e-01
7.165950000006143e-08	5.000000e-01	5.000000e-01	8.000000e-01
7.268350000006259e-08	5.000000e-01	5.000000e-01	8.000000e-01
7.370750000006375e-08	5.000000e-01	5.000000e-01	8.000000e-01
7.473150000006491e-08	5.000000e-01	5.000000e-01	8.000000e-01
7.515050000006539e-08	5.000000e-01	5.000000e-01	8.000000e-01
7.515150000006539e-08	5.000000e-01	5.750000e-01	8.000000e-01
7.515250000006539e-08	5.000000e-01	7.250000e-01	8.000000e-01
7.515350000006539e-08	5.000000e-01	8.000000e-01	8.000000e-01
7.575550000006607e-08	5.000000e-01	8.000000e-01	8.000000e-01
7.677950000006724e-08	5.000000e-01	8.000000e-01	8.000000e-01
7.780350000006840e-08	5.000000e-01	8.000000e-01	8.000000e-01
7.882750000006956e-08	5.000000e-01	8.000000e-01	8.000000e-01
7.985150000007072e-08	5.000000e-01	8.000000e-01	8.000000e-01
8.087550000007188e-08	5.000000e-01	8.000000e-01	8.000000e-01
8.189950000007304e-08	5.000000e-01	8.000000e-01	8.000000e-01
8.292350000007420e-08	5.000000e-01	8.000000e-01	8.000000e-01
8.394750000007536e-08	5.000000e-01	8.000000e-01	8.000000e-01
8.497150000007653e-08	5.000000e-01	8.000000e-01	8.000000e-01
8.599550000007769e-08	5.000000e-01	8.000000e-01	8.000000e-01
8.701950000007885e-08	5.000000e-01	8.000000e-01	8.000000e-01
8.804350000008001e-08	5.000000e-01	8.000000e-01	8.000000e-01
8.906750000008117e-08	5.000000e-01	8.000000e-01	8.000000e-01
9.009150000008233e-08	5.000000e-01	8.000000e-01	8.000000e-01
9.111550000008349e-08	5.000000e-01	8.000000e-01	8.000000e-01
9.213950000008465e-08	5.000000e-01	8.000000e-01	8.000000e-01
9.316350000008581e-08	5.000000e-01	8.000000e-01	8.000000e-01
9.343850000008613e-08	5.000000e-01	8.000000e-01	8.000000e-01
9.343950000008613e-08	5.000000e-01	8.000000e-01	8.000000e-01
9.344050000008613e-08	8.000000e-01	8.000000e-01	8.000000e-01
9.344150000008613e-08	8.000000e-01	8.000000e-01	8.000000e-01
9.418750000008698e-08	8.000000e-01	8.000000e-01	8.000000e-01
9.521150000008814e-08	8.000000e-01	8.000000e-01	8.000000e-01
9.623550000008930e-08	8.000000e-01	8.000000e-01	8.000000e-01
9.725950000009046e-08	8.000000e-01	8.000000e-01	8.000000e-01
9.828350000009162e-08	8.000000e-01	8.000000e-01	8.000000e-01
9.930750000009278e-08	8.000000e-01	8.000000e-01	8.000000e-01
1.003315000000939e-07	8.000000e-01	8.000000e-01	8.000000e-01
1.013555000000951e-07	8.000000e-01	8.000000e-01	8.000000e-01
1.023795000000963e-07	8.000000e-01	8.000000e-01	8.000000e-01
1.034035000000974e-07	8.000000e-01	8.000000e-01	8.000000e-01
1.044275000000986e-07	8.000000e-01	8.000000e-01	8.000000e-01
1.054515000000997e-07	8.000000e-01	8.000000e-01	8.000000e-01
1.064755000001009e-07	8.000000e-01	8.000000e-01	8.000000e-01
1.074995000001021e-07	8.000000e-01	8.000000e-01	8.000000e-01
1.085235000001032e-07	8.000000e-01	8.000000e-01	8.000000e-01
1.095475000001044e-07	8.000000e-01	8.000000e-01	8.000000e-01
1.105715000001056e-07	8.000000e-01	8.000000e-01	8.000000e-01
1.115955000001067e-07	8.000000e-01	8.000000e-01	8.000000e-01
1.126195000001079e-07	8.000000e-01	8.000000e-01	8.000000e-01
1.136435000001090e-07	8.000000e-01	8.000000e-01	8.000000e-01
1.146675000001102e-07	8.000000e-01	8.000000e-01	8.000000e-01
1.156915000001114e-07	8.000000e-01	8.000000e-01	8.000000e-01
1.167155000001125e-07	8.000000e-01	8.000000e-01	8.000000e-01
1.177395000001137e-07	8.000000e-01	8.000000e-01	8.000000e-01
1.187635000001148e-07	8.000000e-01	8.000000e-01	8.000000e-01
1.197875000001160e-07	8.000000e-01	8.000000e-01	8.000000e-01
1.208115000001172e-07	8.000000e-01	8.000000e-01	8.000000e-01
1.218355000001183e-07	8.000000e-01	8.000000e-01	8.000000e-01
1.228595000001195e-07	8.000000e-01	8.000000e-01	8.000000e-01
1.238835000001206e-07	8.000000e-01	8.000000e-01	8.000000e-01
1.249075000001218e-07	8.000000e-01	8.000000e-01	8.000000e-01
1.259315000001230e-07	8.000000e-01	8.000000e-01	8.000000e-01
1.269555000001241e-07	8.000000e-01	8.000000e-01	8.000000e-01
1.279795000001253e-07	8.000000e-01	8.000000e-01	8.000000e-01
1.290035000001264e-07	8.000000e-01	8.000000e-01	8.000000e-01
1.300275000001276e-07	8.000000e-01	8.000000e-01	8.000000e-01
1.310515000001288e-07	8.000000e-01	8.000000e-01	8.000000e-01
1.320755000001299e-07	8.000000e-01	8.000000e-01	8.000000e-01
1.330995000001311e-07	8.000000e-01	8.000000e-01	8.000000e-01
1.341235000001322e-07	8.000000e-01	8.000000e-01	8.000000e-01
1.351475000001334e-07	8.000000e-01	8.000000e-01	8.000000e-01
1.361715000001346e-07	8.000000e-01	8.000000e-01	8.000000e-01
1.371955000001357e-07	8.000000e-01	8.000000e-01	8.000000e-01
1.382195000001369e-07	8.000000e-01	8.000000e-01	8.000000e-01
1.392435000001381e-07	8.000000e-01	8.000000e-01	8.000000e-01
1.402675000001392e-07	8.000000e-01	8.000000e-01	8.000000e-01
1.412915000001404e-07	8.000000e-01	8.000000e-01	8.000000e-01
1.423155000001415e-07	8.000000e-01	8.000000e-01	8.000000e-01
1.433395000001427e-07	8.000000e-01	8.000000e-01	8.000000e-01
1.443635000001439e-07	8.000000e-01	8.000000e-01	8.000000e-01
1.453875000001450e-07	8.000000e-01	8.000000e-01	8.000000e-01
1.464115000001462e-07	8.000000e-01	8.000000e-01	8.000000e-01
1.474355000001473e-07	8.000000e-01	8.000000e-01	8.000000e-01
1.484595000001485e-07	8.000000e-01	8.000000e-01	8.000000e-01
1.494835000001497e-07	8.000000e-01	8.000000e-01	8.000000e-01
1.505075000001508e-07	8.000000e-01	8.000000e-01	8.000000e-01
1.515315000001520e-07	8.000000e-01	8.000000e-01	8.000000e-01
1.525555000001531e-07	8.000000e-01	8.000000e-01	8.000000e-01
1.535795000001543e-07	8.000000e-01	8.000000e-01	8.000000e-01
1.546035000001555e-07	8.000000e-01	8.000000e-01	8.000000e-01
1.556275000001566e-07	8.000000e-01	8.000000e-01	8.000000e-01
1.566515000001578e-07	8.000000e-01	8.000000e-01	8.000000e-01
1.576755000001590e-07	8.000000e-01	8.000000e-01	8.000000e-01
1.586995000001601e-07	8.000000e-01	8.000000e-01	8.000000e-01
1.597235000001613e-07	8.000000e-01	8.000000e-01	8.000000e-01
1.607475000001624e-07	8.000000e-01	8.000000e-01	8.000000e-01
1.617715000001636e-07	8.000000e-01	8.000000e-01	8.000000e-01
1.627955000001648e-07	8.000000e-01	8.000000e-01	8.000000e-01
1.638195000001659e-07	8.000000e-01	8.000000e-01	8.000000e-01
1.648435000001671e-07	8.000000e-01	8.000000e-01	8.000000e-01
1.658675000001682e-07	8.000000e-01	8.000000e-01	8.000000e-01
1.668915000001694e-07	8.000000e-01	8.000000e-01	8.000000e-01
1.679155000001706e-07	8.000000e-01	8.000000e-01	8.000000e-01
1.689395000001717e-07	8.000000e-01	8.000000e-01	8.000000e-01
1.699635000001729e-07	8.000000e-01	8.000000e-01	8.000000e-01
1.709875000001740e-07	8.000000e-01	8.000000e-01	8.000000e-01
1.720115000001752e-07	8.000000e-01	8.000000e-01	8.000000e-01
1.730355000001764e-07	8.000000e-01	8.000000e-01	8.000000e-01
1.740595000001775e-07	8.000000e-01	8.000000e-01	8.000000e-01
1.750835000001787e-07	8.000000e-01	8.000000e-01	8.000000e-01
1.761075000001799e-07	8.000000e-01	8.000000e-01	8.000000e-01
1.771315000001810e-07	8.000000e-01	8.000000e-01	8.000000e-01
1.781555000001822e-07	8.000000e-01	8.000000e-01	8.000000e-01
1.791795000001833e-07	8.000000e-01	8.000000e-01	8.000000e-01
1.802035000001845e-07	8.000000e-01	8.000000e-01	8.000000e-01
1.812275000001857e-07	8.000000e-01	8.000000e-01	8.000000e-01
1.822515000001868e-07	8.000000e-01	8.000000e-01	8.000000e-01
1.832755000001880e-07	8.000000e-01	8.000000e-01	8.000000e-01
1.842995000001891e-07	8.000000e-01	8.000000e-01	8.000000e-01
1.853235000001903e-07	8.000000e-01	8.000000e-01	8.000000e-01
1.863475000001915e-07	8.000000e-01	8.000000e-01	8.000000e-01
1.873715000001926e-07	8.000000e-01	8.000000e-01	8.000000e-01
1.883955000001938e-07	8.000000e-01	8.000000e-01	8.000000e-01
1.894195000001949e-07	8.000000e-01	8.000000e-01	8.000000e-01
1.904435000001961e-07	8.000000e-01	8.000000e-01	8.000000e-01
1.914675000001973e-07	8.000000e-01	8.000000e-01	8.000000e-01
1.924915000001984e-07	8.000000e-01	8.000000e-01	8.000000e-01
1.935155000001996e-07	8.000000e-01	8.000000e-01	8.000000e-01
1.945395000002008e-07	8.000000e-01	8.000000e-01	8.000000e-01
1.955635000002019e-07	8.000000e-01	8.000000e-01	8.000000e-01
1.965875000002031e-07	8.000000e-01	8.000000e-01	8.000000e-01
1.976115000002042e-07	8.000000e-01	8.000000e-01	8.000000e-01
1.986355000002054e-07	8.000000e-01	8.000000e-01	8.000000e-01
1.996595000002066e-07	8.000000e-01	8.000000e-01	8.000000e-01
2.006835000002077e-07	8.000000e-01	8.000000e-01	8.000000e-01
2.017075000002089e-07	8.000000e-01	8.000000e-01	8.000000e-01
2.027315000002100e-07	8.000000e-01	8.000000e-01	8.000000e-01
2.037555000002112e-07	8.000000e-01	8.000000e-01	8.000000e-01
2.047795000002124e-07	8.000000e-01	8.000000e-01	8.000000e-01
2.058035000002135e-07	8.000000e-01	8.000000e-01	8.000000e-01
2.068275000002147e-07	8.000000e-01	8.000000e-01	8.000000e-01
2.078515000002158e-07	8.000000e-01	8.000000e-01	8.000000e-01
2.088755000002170e-07	8.000000e-01	8.000000e-01	8.000000e-01
2.098995000002182e-07	8.000000e-01	8.000000e-01	8.000000e-01
2.109235000002193e-07	8.000000e-01	8.000000e-01	8.000000e-01
2.119475000002205e-07	8.000000e-01	8.000000e-01	8.000000e-01
2.129715000002217e-07	8.000000e-01	8.000000e-01	8.000000e-01
2.139955000002228e-07	8.000000e-01	8.000000e-01	8.000000e-01
2.150195000002240e-07	8.000000e-01	8.000000e-01	8.000000e-01
2.160435000002251e-07	8.000000e-01	8.000000e-01	8.000000e-01
2.170675000002263e-07	8.000000e-01	8.000000e-01	8.000000e-01
2.180915000002275e-07	8.000000e-01	8.000000e-01	8.000000e-01
2.191155000002286e-07	8.000000e-01	8.000000e-01	8.000000e-01
2.201395000002298e-07	8.000000e-01	8.000000e-01	8.000000e-01
2.211635000002309e-07	8.000000e-01	8.000000e-01	8.000000e-01
2.221875000002321e-07	8.000000e-01	8.000000e-01	8.000000e-01
2.232115000002333e-07	8.000000e-01	8.000000e-01	8.000000e-01
2.242355000002344e-07	8.000000e-01	8.000000e-01	8.000000e-01
2.252595000002356e-07	8.000000e-01	8.000000e-01	8.000000e-01
2.262835000002367e-07	8.000000e-01	8.000000e-01	8.000000e-01
2.273075000002379e-07	8.000000e-01	8.000000e-01	8.000000e-01
2.283315000002391e-07	8.000000e-01	8.000000e-01	8.000000e-01
2.293555000002402e-07	8.000000e-01	8.000000e-01	8.000000e-01
2.303795000002414e-07	8.000000e-01	8.000000e-01	8.000000e-01
2.314035000002426e-07	8.000000e-01	8.000000e-01	8.000000e-01
2.324275000002437e-07	8.000000e-01	8.000000e-01	8.000000e-01
2.334515000002449e-07	8.000000e-01	8.000000e-01	8.000000e-01
2.344755000002460e-07	8.000000e-01	8.000000e-01	8.000000e-01
2.354995000002472e-07	8.000000e-01	8.000000e-01	8.000000e-01
2.365235000002484e-07	8.000000e-01	8.000000e-01	8.000000e-01
2.375475000002495e-07	8.000000e-01	8.000000e-01	8.000000e-01
2.385715000002466e-07	8.000000e-01	8.000000e-01	8.000000e-01
2.395955000002207e-07	8.000000e-01	8.000000e-01	8.000000e-01
2.406195000001947e-07	8.000000e-01	8.000000e-01	8.000000e-01
2.416435000001688e-07	8.000000e-01	8.000000e-01	8.000000e-01
2.426675000001429e-07	8.000000e-01	8.000000e-01	8.000000e-01
2.436915000001169e-07	8.000000e-01	8.000000e-01	8.000000e-01
2.447155000000910e-07	8.000000e-01	8.000000e-01	8.000000e-01
2.457395000000650e-07	8.000000e-01	8.000000e-01	8.000000e-01
2.467635000000391e-07	8.000000e-01	8.000000e-01	8.000000e-01
2.477875000000131e-07	8.000000e-01	8.000000e-01	8.000000e-01
2.488114999999872e-07	8.000000e-01	8.000000e-01	8.000000e-01
2.498354999999612e-07	8.000000e-01	8.000000e-01	8.000000e-01
2.508594999999353e-07	8.000000e-01	8.000000e-01	8.000000e-01
2.518834999999094e-07	8.000000e-01	8.000000e-01	8.000000e-01
2.529074999998834e-07	8.000000e-01	8.000000e-01	8.000000e-01
2.539314999998575e-07	8.000000e-01	8.000000e-01	8.000000e-01
2.549554999998315e-07	8.000000e-01	8.000000e-01	8.000000e-01
2.559794999998056e-07	8.000000e-01	8.000000e-01	8.000000e-01
2.570034999997796e-07	8.000000e-01	8.000000e-01	8.000000e-01
2.580274999997537e-07	8.000000e-01	8.000000e-01	8.000000e-01
2.590514999997278e-07	8.000000e-01	8.000000e-01	8.000000e-01
2.600754999997018e-07	8.000000e-01	8.000000e-01	8.000000e-01
2.610994999996759e-07	8.000000e-01	8.000000e-01	8.000000e-01
2.621234999996499e-07	8.000000e-01	8.000000e-01	8.000000e-01
2.631474999996240e-07	8.000000e-01	8.000000e-01	8.000000e-01
2.641714999995980e-07	8.000000e-01	8.000000e-01	8.000000e-01
2.651954999995721e-07	8.000000e-01	8.000000e-01	8.000000e-01
2.662194999995461e-07	8.000000e-01	8.000000e-01	8.000000e-01
2.672434999995202e-07	8.000000e-01	8.000000e-01	8.000000e-01
2.682674999994943e-07	8.000000e-01	8.000000e-01	8.000000e-01
2.692914999994683e-07	8.000000e-01	8.000000e-01	8.000000e-01
2.703154999994424e-07	8.000000e-01	8.000000e-01	8.000000e-01
2.713394999994164e-07	8.000000e-01	8.000000e-01	8.000000e-01
2.723634999993905e-07	8.000000e-01	8.000000e-01	8.000000e-01
2.733874999993645e-07	8.000000e-01	8.000000e-01	8.000000e-01
2.744114999993386e-07	8.000000e-01	8.000000e-01	8.000000e-01
2.754354999993127e-07	8.000000e-01	8.000000e-01	8.000000e-01
2.764594999992867e-07	8.000000e-01	8.000000e-01	8.000000e-01
2.774834999992608e-07	8.000000e-01	8.000000e-01	8.000000e-01
2.785074999992348e-07	8.000000e-01	8.000000e-01	8.000000e-01
2.795314999992089e-07	8.000000e-01	8.000000e-01	8.000000e-01
2.805554999991829e-07	8.000000e-01	8.000000e-01	8.000000e-01
2.815794999991570e-07	8.000000e-01	8.000000e-01	8.000000e-01
2.826034999991310e-07	8.000000e-01	8.000000e-01	8.000000e-01
2.836274999991051e-07	8.000000e-01	8.000000e-01	8.000000e-01
2.846514999990792e-07	8.000000e-01	8.000000e-01	8.000000e-01
2.856754999990532e-07	8.000000e-01	8.000000e-01	8.000000e-01
2.866994999990273e-07	8.000000e-01	8.000000e-01	8.000000e-01
2.877234999990013e-07	8.000000e-01	8.000000e-01	8.000000e-01
2.887474999989754e-07	8.000000e-01	8.000000e-01	8.000000e-01
2.897714999989494e-07	8.000000e-01	8.000000e-01	8.000000e-01
2.907954999989235e-07	8.000000e-01	8.000000e-01	8.000000e-01
2.918194999988975e-07	8.000000e-01	8.000000e-01	8.000000e-01
2.928434999988716e-07	8.000000e-01	8.000000e-01	8.000000e-01
2.938674999988457e-07	8.000000e-01	8.000000e-01	8.000000e-01
2.948914999988197e-07	8.000000e-01	8.000000e-01	8.000000e-01
2.959154999987938e-07	8.000000e-01	8.000000e-01	8.000000e-01
2.969394999987678e-07	8.000000e-01	8.000000e-01	8.000000e-01
2.979634999987419e-07	8.000000e-01	8.000000e-01	8.000000e-01
2.989874999987159e-07	8.000000e-01	8.000000e-01	8.000000e-01
3.000114999986900e-07	8.000000e-01	8.000000e-01	8.000000e-01
3.010354999986641e-07	8.000000e-01	8.000000e-01	8.000000e-01
3.020594999986381e-07	8.000000e-01	8.000000e-01	8.000000e-01
3.030834999986122e-07	8.000000e-01	8.000000e-01	8.000000e-01
3.041074999985862e-07	8.000000e-01	8.000000e-01	8.000000e-01
3.051314999985603e-07	8.000000e-01	8.000000e-01	8.000000e-01
3.061554999985343e-07	8.000000e-01	8.000000e-01	8.000000e-01
3.071794999985084e-07	8.000000e-01	8.000000e-01	8.000000e-01
3.082034999984824e-07	8.000000e-01	8.000000e-01	8.000000e-01
3.092274999984565e-07	8.000000e-01	8.000000e-01	8.000000e-01
3.102514999984306e-07	8.000000e-01	8.000000e-01	8.000000e-01
3.112754999984046e-07	8.000000e-01	8.000000e-01	8.000000e-01
3.122994999983787e-07	8.000000e-01	8.000000e-01	8.000000e-01
3.133234999983527e-07	8.000000e-01	8.000000e-01	8.000000e-01
3.143474999983268e-07	8.000000e-01	8.000000e-01	8.000000e-01
3.153714999983008e-07	8.000000e-01	8.000000e-01	8.000000e-01
3.163954999982749e-07	8.000000e-01	8.000000e-01	8.000000e-01
3.174194999982490e-07	8.000000e-01	8.000000e-01	8.000000e-01
3.184434999982230e-07	8.000000e-01	8.000000e-01	8.000000e-01
3.194674999981971e-07	8.000000e-01	8.000000e-01	8.000000e-01
3.204914999981711e-07	8.000000e-01	8.000000e-01	8.000000e-01
3.215154999981452e-07	8.000000e-01	8.000000e-01	8.000000e-01
3.225394999981192e-07	8.000000e-01	8.000000e-01	8.000000e-01
3.235634999980933e-07	8.000000e-01	8.000000e-01	8.000000e-01
3.245874999980673e-07	8.000000e-01	8.000000e-01	8.000000e-01
3.256114999980414e-07	8.000000e-01	8.000000e-01	8.000000e-01
3.266354999980155e-07	8.000000e-01	8.000000e-01	8.000000e-01
3.276594999979895e-07	8.000000e-01	8.000000e-01	8.000000e-01
3.286834999979636e-07	8.000000e-01	8.000000e-01	8.000000e-01
3.297074999979376e-07	8.000000e-01	8.000000e-01	8.000000e-01
3.307314999979117e-07	8.000000e-01	8.000000e-01	8.000000e-01
3.317554999978857e-07	8.000000e-01	8.000000e-01	8.000000e-01
3.327794999978598e-07	8.000000e-01	8.000000e-01	8.000000e-01
3.338034999978338e-07	8.000000e-01	8.000000e-01	8.000000e-01
3.348274999978079e-07	8.000000e-01	8.000000e-01	8.000000e-01
3.358514999977820e-07	8.000000e-01	8.000000e-01	8.000000e-01
3.368754999977560e-07	8.000000e-01	8.000000e-01	8.000000e-01
3.378994999977301e-07	8.000000e-01	8.000000e-01	8.000000e-01
3.389234999977041e-07	8.000000e-01	8.000000e-01	8.000000e-01
3.399474999976782e-07	8.000000e-01	8.000000e-01	8.000000e-01
3.409714999976522e-07	8.000000e-01	8.000000e-01	8.000000e-01
3.419954999976263e-07	8.000000e-01	8.000000e-01	8.000000e-01
3.430194999976004e-07	8.000000e-01	8.000000e-01	8.000000e-01
3.440434999975744e-07	8.000000e-01	8.000000e-01	8.000000e-01
3.450674999975485e-07	8.000000e-01	8.000000e-01	8.000000e-01
3.460914999975225e-07	8.000000e-01	8.000000e-01	8.000000e-01
3.471154999974966e-07	8.000000e-01	8.000000e-01	8.000000e-01
3.481394999974706e-07	8.000000e-01	8.000000e-01	8.000000e-01
3.491634999974447e-07	8.000000e-01	8.000000e-01	8.000000e-01
3.501874999974187e-07	8.000000e-01	8.000000e-01	8.000000e-01
3.512114999973928e-07	8.000000e-01	8.000000e-01	8.000000e-01
3.522354999973669e-07	8.000000e-01	8.000000e-01	8.000000e-01
3.532594999973409e-07	8.000000e-01	8.000000e-01	8.000000e-01
3.542834999973150e-07	8.000000e-01	8.000000e-01	8.000000e-01
3.553074999972890e-07	8.000000e-01	8.000000e-01	8.000000e-01
3.563314999972631e-07	8.000000e-01	8.000000e-01	8.000000e-01
3.573554999972371e-07	8.000000e-01	8.000000e-01	8.000000e-01
3.583794999972112e-07	8.000000e-01	8.000000e-01	8.000000e-01
3.594034999971852e-07	8.000000e-01	8.000000e-01	8.000000e-01
3.604274999971593e-07	8.000000e-01	8.000000e-01	8.000000e-01
3.614514999971334e-07	8.000000e-01	8.000000e-01	8.000000e-01
3.624754999971074e-07	8.000000e-01	8.000000e-01	8.000000e-01
3.634994999970815e-07	8.000000e-01	8.000000e-01	8.000000e-01
3.645234999970555e-07	8.000000e-01	8.000000e-01	8.000000e-01
3.655474999970296e-07	8.000000e-01	8.000000e-01	8.000000e-01
3.665714999970036e-07	8.000000e-01	8.000000e-01	8.000000e-01
3.675954999969777e-07	8.000000e-01	8.000000e-01	8.000000e-01
3.686194999969518e-07	8.000000e-01	8.000000e-01	8.000000e-01
3.696434999969258e-07	8.000000e-01	8.000000e-01	8.000000e-01
3.706674999968999e-07	8.000000e-01	8.000000e-01	8.000000e-01
3.716914999968739e-07	8.000000e-01	8.000000e-01	8.000000e-01
3.727154999968480e-07	8.000000e-01	8.000000e-01	8.000000e-01
3.737394999968220e-07	8.000000e-01	8.000000e-01	8.000000e-01
3.747634999967961e-07	8.000000e-01	8.000000e-01	8.000000e-01
3.757874999967701e-07	8.000000e-01	8.000000e-01	8.000000e-01
3.768114999967442e-07	8.000000e-01	8.000000e-01	8.000000e-01
3.778354999967183e-07	8.000000e-01	8.000000e-01	8.000000e-01
3.788594999966923e-07	8.000000e-01	8.000000e-01	8.000000e-01
3.798834999966664e-07	8.000000e-01	8.000000e-01	8.000000e-01
3.809074999966404e-07	8.000000e-01	8.000000e-01	8.000000e-01
3.819314999966145e-07	8.000000e-01	8.000000e-01	8.000000e-01
3.829554999965885e-07	8.000000e-01	8.000000e-01	8.000000e-01
3.839794999965626e-07	8.000000e-01	8.000000e-01	8.000000e-01
3.850034999965367e-07	8.000000e-01	8.000000e-01	8.000000e-01
3.860274999965107e-07	8.000000e-01	8.000000e-01	8.000000e-01
3.870514999964848e-07	8.000000e-01	8.000000e-01	8.000000e-01
3.880754999964588e-07	8.000000e-01	8.000000e-01	8.000000e-01
3.890994999964329e-07	8.000000e-01	8.000000e-01	8.000000e-01
3.901234999964069e-07	8.000000e-01	8.000000e-01	8.000000e-01
3.911474999963810e-07	8.000000e-01	8.000000e-01	8.000000e-01
3.921714999963550e-07	8.000000e-01	8.000000e-01	8.000000e-01
3.931954999963291e-07	8.000000e-01	8.000000e-01	8.000000e-01
3.942194999963032e-07	8.000000e-01	8.000000e-01	8.000000e-01
3.952434999962772e-07	8.000000e-01	8.000000e-01	8.000000e-01
3.962674999962513e-07	8.000000e-01	8.000000e-01	8.000000e-01
3.972914999962253e-07	8.000000e-01	8.000000e-01	8.000000e-01
3.983154999961994e-07	8.000000e-01	8.000000e-01	8.000000e-01
3.993394999961734e-07	8.000000e-01	8.000000e-01	8.000000e-01
4.003634999961475e-07	8.000000e-01	8.000000e-01	8.000000e-01
4.013874999961215e-07	8.000000e-01	8.000000e-01	8.000000e-01
4.024114999960956e-07	8.000000e-01	8.000000e-01	8.000000e-01
4.034354999960697e-07	8.000000e-01	8.000000e-01	8.000000e-01
4.044594999960437e-07	8.000000e-01	8.000000e-01	8.000000e-01
4.054834999960178e-07	8.000000e-01	8.000000e-01	8.000000e-01
4.065074999959918e-07	8.000000e-01	8.000000e-01	8.000000e-01
4.075314999959659e-07	8.000000e-01	8.000000e-01	8.000000e-01
4.085554999959399e-07	8.000000e-01	8.000000e-01	8.000000e-01
4.095794999959140e-07	8.000000e-01	8.000000e-01	8.000000e-01
4.106034999958881e-07	8.000000e-01	8.000000e-01	8.000000e-01
4.116274999958621e-07	8.000000e-01	8.000000e-01	8.000000e-01
4.126514999958362e-07	8.000000e-01	8.000000e-01	8.000000e-01
4.136754999958102e-07	8.000000e-01	8.000000e-01	8.000000e-01
4.146994999957843e-07	8.000000e-01	8.000000e-01	8.000000e-01
4.157234999957583e-07	8.000000e-01	8.000000e-01	8.000000e-01
4.167474999957324e-07	8.000000e-01	8.000000e-01	8.000000e-01
4.177714999957064e-07	8.000000e-01	8.000000e-01	8.000000e-01
4.187954999956805e-07	8.000000e-01	8.000000e-01	8.000000e-01
4.198194999956546e-07	8.000000e-01	8.000000e-01	8.000000e-01
4.208434999956286e-07	8.000000e-01	8.000000e-01	8.000000e-01
4.218674999956027e-07	8.000000e-01	8.000000e-01	8.000000e-01
4.228914999955767e-07	8.000000e-01	8.000000e-01	8.000000e-01
4.239154999955508e-07	8.000000e-01	8.000000e-01	8.000000e-01
4.249394999955248e-07	8.000000e-01	8.000000e-01	8.000000e-01
4.259634999954989e-07	8.000000e-01	8.000000e-01	8.000000e-01
4.269874999954730e-07	8.000000e-01	8.000000e-01	8.000000e-01
4.280114999954470e-07	8.000000e-01	8.000000e-01	8.000000e-01
4.290354999954211e-07	8.000000e-01	8.000000e-01	8.000000e-01
4.300594999953951e-07	8.000000e-01	8.000000e-01	8.000000e-01
4.310834999953692e-07	8.000000e-01	8.000000e-01	8.000000e-01
4.321074999953432e-07	8.000000e-01	8.000000e-01	8.000000e-01
4.331314999953173e-07	8.000000e-01	8.000000e-01	8.000000e-01
4.341554999952913e-07	8.000000e-01	8.000000e-01	8.000000e-01
4.351794999952654e-07	8.000000e-01	8.000000e-01	8.000000e-01
4.362034999952395e-07	8.000000e-01	8.000000e-01	8.000000e-01
4.372274999952135e-07	8.000000e-01	8.000000e-01	8.000000e-01
4.382514999951876e-07	8.000000e-01	8.000000e-01	8.000000e-01
4.392754999951616e-07	8.000000e-01	8.000000e-01	8.000000e-01
4.402994999951357e-07	8.000000e-01	8.000000e-01	8.000000e-01
4.413234999951097e-07	8.000000e-01	8.000000e-01	8.000000e-01
4.423474999950838e-07	8.000000e-01	8.000000e-01	8.000000e-01
4.433714999950578e-07	8.000000e-01	8.000000e-01	8.000000e-01
4.443954999950319e-07	8.000000e-01	8.000000e-01	8.000000e-01
4.454194999950060e-07	8.000000e-01	8.000000e-01	8.000000e-01
4.464434999949800e-07	8.000000e-01	8.000000e-01	8.000000e-01
4.474674999949541e-07	8.000000e-01	8.000000e-01	8.000000e-01
4.484914999949281e-07	8.000000e-01	8.000000e-01	8.000000e-01
4.495154999949022e-07	8.000000e-01	8.000000e-01	8.000000e-01
4.505394999948762e-07	8.000000e-01	8.000000e-01	8.000000e-01
4.515634999948503e-07	8.000000e-01	8.000000e-01	8.000000e-01
4.525874999948244e-07	8.000000e-01	8.000000e-01	8.000000e-01
4.536114999947984e-07	8.000000e-01	8.000000e-01	8.000000e-01
4.546354999947725e-07	8.000000e-01	8.000000e-01	8.000000e-01
4.556594999947465e-07	8.000000e-01	8.000000e-01	8.000000e-01
4.566834999947206e-07	8.000000e-01	8.000000e-01	8.000000e-01
4.577074999946946e-07	8.000000e-01	8.000000e-01	8.000000e-01
4.587314999946687e-07	8.000000e-01	8.000000e-01	8.000000e-01
4.597554999946427e-07	8.000000e-01	8.000000e-01	8.000000e-01
4.607794999946168e-07	8.000000e-01	8.000000e-01	8.000000e-01
4.618034999945909e-07	8.000000e-01	8.000000e-01	8.000000e-01
4.628274999945649e-07	8.000000e-01	8.000000e-01	8.000000e-01
4.638514999945390e-07	8.000000e-01	8.000000e-01	8.000000e-01
4.648754999945130e-07	8.000000e-01	8.000000e-01	8.000000e-01
4.658994999944871e-07	8.000000e-01	8.000000e-01	8.000000e-01
4.669234999944611e-07	8.000000e-01	8.000000e-01	8.000000e-01
4.679474999944352e-07	8.000000e-01	8.000000e-01	8.000000e-01
4.689714999944093e-07	8.000000e-01	8.000000e-01	8.000000e-01
4.699954999943833e-07	8.000000e-01	8.000000e-01	8.000000e-01
4.710194999943574e-07	8.000000e-01	8.000000e-01	8.000000e-01
4.720434999943314e-07	8.000000e-01	8.000000e-01	8.000000e-01
4.730674999943055e-07	8.000000e-01	8.000000e-01	8.000000e-01
4.740914999942795e-07	8.000000e-01	8.000000e-01	8.000000e-01
4.751154999942536e-07	8.000000e-01	8.000000e-01	8.000000e-01
4.761394999942276e-07	8.000000e-01	8.000000e-01	8.000000e-01
4.771634999942190e-07	8.000000e-01	8.000000e-01	8.000000e-01
4.781874999942473e-07	8.000000e-01	8.000000e-01	8.000000e-01
4.792114999942755e-07	8.000000e-01	8.000000e-01	8.000000e-01
4.802354999943038e-07	8.000000e-01	8.000000e-01	8.000000e-01
4.812594999943321e-07	8.000000e-01	8.000000e-01	8.000000e-01
4.822834999943603e-07	8.000000e-01	8.000000e-01	8.000000e-01
4.833074999943886e-07	8.000000e-01	8.000000e-01	8.000000e-01
4.843314999944169e-07	8.000000e-01	8.000000e-01	8.000000e-01
4.853554999944451e-07	8.000000e-01	8.000000e-01	8.000000e-01
4.863794999944734e-07	8.000000e-01	8.000000e-01	8.000000e-01
4.874034999945017e-07	8.000000e-01	8.000000e-01	8.000000e-01
4.884274999945299e-07	8.000000e-01	8.000000e-01	8.000000e-01
4.894514999945582e-07	8.000000e-01	8.000000e-01	8.000000e-01
4.904754999945865e-07	8.000000e-01	8.000000e-01	8.000000e-01
4.914994999946147e-07	8.000000e-01	8.000000e-01	8.000000e-01
4.925234999946430e-07	8.000000e-01	8.000000e-01	8.000000e-01
4.935474999946713e-07	8.000000e-01	8.000000e-01	8.000000e-01
4.945714999946995e-07	8.000000e-01	8.000000e-01	8.000000e-01
4.955954999947278e-07	8.000000e-01	8.000000e-01	8.000000e-01
4.966194999947561e-07	8.000000e-01	8.000000e-01	8.000000e-01
4.976434999947843e-07	8.000000e-01	8.000000e-01	8.000000e-01
4.986674999948126e-07	8.000000e-01	8.000000e-01	8.000000e-01
4.996914999948409e-07	8.000000e-01	8.000000e-01	8.000000e-01
4.999994999948494e-07	8.000000e-01	8.000000e-01	8.000000e-01
5.000000000000001e-07	8.000000e-01	4.797120e+13	8.000000e-01
