Freq.	V(ref)/V(tee)
1.00000000000000e+06	1.39745297331822e+00,1.26817724622168e-02
1.15800000000000e+06	1.39756741077999e+00,1.46848580530776e-02
1.31600000000000e+06	1.39769865533293e+00,1.66876634434697e-02
1.47400000000000e+06	1.39784672737571e+00,1.86901493867616e-02
1.63200000000000e+06	1.39801164992198e+00,2.06922762455796e-02
1.79000000000000e+06	1.39819344860375e+00,2.26940039438376e-02
1.94800000000000e+06	1.39839215167514e+00,2.46952919185315e-02
2.10600000000000e+06	1.39860779001652e+00,2.66960990710521e-02
2.26400000000000e+06	1.39884039713899e+00,2.86963837181810e-02
2.42200000000000e+06	1.39909000918920e+00,3.06961035425596e-02
2.58000000000000e+06	1.39935666495455e+00,3.26952155426773e-02
2.73800000000000e+06	1.39964040586872e+00,3.46936759823786e-02
2.89600000000000e+06	1.39994127601749e+00,3.66914403397257e-02
3.05400000000000e+06	1.40025932214497e+00,3.86884632552978e-02
3.21200000000000e+06	1.40059459366003e+00,4.06846984798387e-02
3.37000000000000e+06	1.40094714264315e+00,4.26800988211967e-02
3.52800000000000e+06	1.40131702385351e+00,4.46746160905247e-02
3.68600000000000e+06	1.40170429473633e+00,4.66682010477377e-02
3.84400000000000e+06	1.40210901543055e+00,4.86608033461480e-02
4.00200000000000e+06	1.40253124877673e+00,5.06523714762017e-02
4.16000000000000e+06	1.40297106032522e+00,5.26428527083758e-02
4.31800000000000e+06	1.40342851834453e+00,5.46321930350803e-02
4.47600000000000e+06	1.40390369382991e+00,5.66203371115972e-02
4.63400000000000e+06	1.40439666051221e+00,5.86072281959791e-02
4.79200000000000e+06	1.40490749486682e+00,6.05928080878575e-02
4.95000000000000e+06	1.40543627612283e+00,6.25770170661473e-02
5.10800000000000e+06	1.40598308627234e+00,6.45597938255409e-02
5.26600000000000e+06	1.40654801007986e+00,6.65410754118082e-02
5.42400000000000e+06	1.40713113509187e+00,6.85207971558277e-02
5.58200000000000e+06	1.40773255164638e+00,7.04988926062592e-02
5.74000000000000e+06	1.40835235288262e+00,7.24752934608922e-02
5.89800000000000e+06	1.40899063475072e+00,7.44499294965305e-02
6.05600000000000e+06	1.40964749602143e+00,7.64227284974263e-02
6.21400000000000e+06	1.41032303829574e+00,7.83936161821706e-02
6.37200000000000e+06	1.41101736601456e+00,8.03625161290041e-02
6.53000000000000e+06	1.41173058646822e+00,8.23293496994850e-02
6.68800000000000e+06	1.41246280980587e+00,8.42940359604697e-02
6.84600000000000e+06	1.41321414904476e+00,8.62564916043327e-02
7.00400000000000e+06	1.41398472007928e+00,8.82166308673644e-02
7.16200000000000e+06	1.41477464168983e+00,9.01743654463343e-02
7.32000000000000e+06	1.41558403555135e+00,9.21296044130712e-02
7.47800000000000e+06	1.41641302624157e+00,9.40822541270983e-02
7.63600000000000e+06	1.41726174124891e+00,9.60322181461810e-02
7.79400000000000e+06	1.41813031097995e+00,9.79793971347668e-02
7.95200000000000e+06	1.41901886876644e+00,9.99236887702496e-02
8.11000000000000e+06	1.41992755087181e+00,1.01864987646960e-01
8.26800000000000e+06	1.42085649649712e+00,1.03803185177872e-01
8.42600000000000e+06	1.42180584778635e+00,1.05738169493886e-01
8.58400000000000e+06	1.42277574983102e+00,1.07669825340698e-01
8.74200000000000e+06	1.42376635067409e+00,1.09598033973106e-01
8.90000000000000e+06	1.42477780131298e+00,1.11522673046752e-01
9.05800000000000e+06	1.42581025570172e+00,1.13443616507174e-01
9.21600000000000e+06	1.42686387075216e+00,1.15360734476124e-01
9.37400000000000e+06	1.42793880633412e+00,1.17273893135072e-01
9.53200000000000e+06	1.42903522527434e+00,1.19182954605814e-01
9.69000000000000e+06	1.43015329335436e+00,1.21087776828110e-01
9.84800000000000e+06	1.43129317930697e+00,1.22988213434279e-01
1.00060000000000e+07	1.43245505481127e+00,1.24884113620667e-01
1.01640000000000e+07	1.43363909448633e+00,1.26775322015911e-01
1.03220000000000e+07	1.43484547588310e+00,1.28661678545921e-01
1.04800000000000e+07	1.43607437947470e+00,1.30543018295496e-01
1.06380000000000e+07	1.43732598864487e+00,1.32419171366491e-01
1.07960000000000e+07	1.43860048967440e+00,1.34289962732460e-01
1.09540000000000e+07	1.43989807172558e+00,1.36155212089686e-01
1.11120000000000e+07	1.44121892682435e+00,1.38014733704515e-01
1.12700000000000e+07	1.44256324984012e+00,1.39868336256918e-01
1.14280000000000e+07	1.44393123846318e+00,1.41715822680186e-01
1.15860000000000e+07	1.44532309317929e+00,1.43556989996690e-01
1.17440000000000e+07	1.44673901724165e+00,1.45391629149602e-01
1.19020000000000e+07	1.44817921663973e+00,1.47219524830521e-01
1.20600000000000e+07	1.44964390006509e+00,1.49040455302892e-01
1.22180000000000e+07	1.45113327887377e+00,1.50854192221155e-01
1.23760000000000e+07	1.45264756704523e+00,1.52660500445547e-01
1.25340000000000e+07	1.45418698113746e+00,1.54459137852457e-01
1.26920000000000e+07	1.45575174023836e+00,1.56249855140267e-01
1.28500000000000e+07	1.45734206591271e+00,1.58032395630615e-01
1.30080000000000e+07	1.45895818214503e+00,1.59806495064977e-01
1.31660000000000e+07	1.46060031527764e+00,1.61571881396511e-01
1.33240000000000e+07	1.46226869394394e+00,1.63328274577104e-01
1.34820000000000e+07	1.46396354899658e+00,1.65075386339522e-01
1.36400000000000e+07	1.46568511343022e+00,1.66812919974633e-01
1.37980000000000e+07	1.46743362229866e+00,1.68540570103623e-01
1.39560000000000e+07	1.46920931262595e+00,1.70258022445147e-01
1.41140000000000e+07	1.47101242331129e+00,1.71964953577378e-01
1.42720000000000e+07	1.47284319502736e+00,1.73661030694889e-01
1.44300000000000e+07	1.47470187011165e+00,1.75345911360343e-01
1.45880000000000e+07	1.47658869245065e+00,1.77019243250943e-01
1.47460000000000e+07	1.47850390735635e+00,1.78680663899624e-01
1.49040000000000e+07	1.48044776143473e+00,1.80329800430960e-01
1.50620000000000e+07	1.48242050244599e+00,1.81966269291778e-01
1.52200000000000e+07	1.48442237915581e+00,1.83589675976471e-01
1.53780000000000e+07	1.48645364117763e+00,1.85199614747024e-01
1.55360000000000e+07	1.48851453880510e+00,1.86795668347767e-01
1.56940000000000e+07	1.49060532283456e+00,1.88377407714881e-01
1.58520000000000e+07	1.49272624437693e+00,1.89944391680704e-01
1.60100000000000e+07	1.49487755465853e+00,1.91496166672889e-01
1.61680000000000e+07	1.49705950481041e+00,1.93032266408495e-01
1.63260000000000e+07	1.49927234564555e+00,1.94552211583074e-01
1.64840000000000e+07	1.50151632742351e+00,1.96055509554892e-01
1.66420000000000e+07	1.50379169960182e+00,1.97541654024373e-01
1.68000000000000e+07	1.50609871057375e+00,1.99010124708932e-01
1.69580000000000e+07	1.50843760739162e+00,2.00460387013353e-01
1.71160000000000e+07	1.51080863547518e+00,2.01891891695894e-01
1.72740000000000e+07	1.51321203830447e+00,2.03304074530347e-01
1.74320000000000e+07	1.51564805709625e+00,2.04696355964271e-01
1.75900000000000e+07	1.51811693046369e+00,2.06068140773681e-01
1.77480000000000e+07	1.52061889405830e+00,2.07418817714485e-01
1.79060000000000e+07	1.52315418019355e+00,2.08747759170999e-01
1.80640000000000e+07	1.52572301744944e+00,2.10054320801901e-01
1.82220000000000e+07	1.52832563025715e+00,2.11337841184031e-01
1.83800000000000e+07	1.53096223846323e+00,2.12597641454474e-01
1.85380000000000e+07	1.53363305687218e+00,2.13833024951403e-01
1.86960000000000e+07	1.53633829476701e+00,2.15043276854218e-01
1.88540000000000e+07	1.53907815540663e+00,2.16227663823545e-01
1.90120000000000e+07	1.54185283549941e+00,2.17385433641716e-01
1.91700000000000e+07	1.54466252465197e+00,2.18515814854412e-01
1.93280000000000e+07	1.54750740479237e+00,2.19618016414198e-01
1.94860000000000e+07	1.55038764956676e+00,2.20691227326723e-01
1.96440000000000e+07	1.55330342370864e+00,2.21734616300464e-01
1.98020000000000e+07	1.55625488237977e+00,2.22747331400901e-01
1.99600000000000e+07	1.55924217048195e+00,2.23728499710129e-01
2.01180000000000e+07	1.56226542193845e+00,2.24677226992943e-01
2.02760000000000e+07	1.56532475894456e+00,2.25592597370553e-01
2.04340000000000e+07	1.56842029118599e+00,2.26473673003123e-01
2.05920000000000e+07	1.57155211502441e+00,2.27319493782430e-01
2.07500000000000e+07	1.57472031264906e+00,2.28129077036035e-01
2.09080000000000e+07	1.57792495119374e+00,2.28901417244435e-01
2.10660000000000e+07	1.58116608181796e+00,2.29635485772767e-01
2.12240000000000e+07	1.58444373875174e+00,2.30330230618725e-01
2.13820000000000e+07	1.58775793830292e+00,2.30984576178475e-01
2.15400000000000e+07	1.59110867782627e+00,2.31597423032436e-01
2.16980000000000e+07	1.59449593465370e+00,2.32167647752920e-01
2.18560000000000e+07	1.59791966498462e+00,2.32694102735740e-01
2.20140000000000e+07	1.60137980273592e+00,2.33175616058004e-01
2.21720000000000e+07	1.60487625835088e+00,2.33610991364450e-01
2.23300000000000e+07	1.60840891756638e+00,2.33999007784783e-01
2.24880000000000e+07	1.61197764013799e+00,2.34338419884626e-01
2.26460000000000e+07	1.61558225852239e+00,2.34627957652818e-01
2.28040000000000e+07	1.61922257651696e+00,2.34866326527929e-01
2.29620000000000e+07	1.62289836785612e+00,2.35052207466989e-01
2.31200000000000e+07	1.62660937476447e+00,2.35184257059599e-01
2.32780000000000e+07	1.63035530646654e+00,2.35261107690689e-01
2.34360000000000e+07	1.63413583765355e+00,2.35281367755374e-01
2.35940000000000e+07	1.63795060690719e+00,2.35243621929460e-01
2.37520000000000e+07	1.64179921508118e+00,2.35146431499337e-01
2.39100000000000e+07	1.64568122364094e+00,2.34988334755093e-01
2.40680000000000e+07	1.64959615296249e+00,2.34767847450856e-01
2.42260000000000e+07	1.65354348059146e+00,2.34483463336490e-01
2.43840000000000e+07	1.65752263946353e+00,2.34133654764914e-01
2.45420000000000e+07	1.66153301608786e+00,2.33716873379408e-01
2.47000000000000e+07	1.66557394869532e+00,2.33231550885448e-01
2.48580000000000e+07	1.66964472535351e+00,2.32676099911665e-01
2.50160000000000e+07	1.67374458205107e+00,2.32048914964648e-01
2.51740000000000e+07	1.67787270075397e+00,2.31348373482425e-01
2.53320000000000e+07	1.68202820743674e+00,2.30572836991484e-01
2.54900000000000e+07	1.68621017009225e+00,2.29720652372308e-01
2.56480000000000e+07	1.69041759672367e+00,2.28790153238407e-01
2.58060000000000e+07	1.69464943332299e+00,2.27779661433880e-01
2.59640000000000e+07	1.69890456184068e+00,2.26687488654532e-01
2.61220000000000e+07	1.70318179815160e+00,2.25511938197551e-01
2.62800000000000e+07	1.70747989002280e+00,2.24251306844704e-01
2.64380000000000e+07	1.71179751508919e+00,2.22903886883957e-01
2.65960000000000e+07	1.71613327884383e+00,2.21467968274263e-01
2.67540000000000e+07	1.72048571264978e+00,2.19941840958179e-01
2.69120000000000e+07	1.72485327178126e+00,2.18323797326739e-01
2.70700000000000e+07	1.72923433350239e+00,2.16612134840827e-01
2.72280000000000e+07	1.73362719519221e+00,2.14805158812993e-01
2.73860000000000e+07	1.73803007252548e+00,2.12901185353352e-01
2.75440000000000e+07	1.74244109771909e+00,2.10898544482842e-01
2.77020000000000e+07	1.74685831785479e+00,2.08795583416684e-01
2.78600000000000e+07	1.75127969328935e+00,2.06590670020411e-01
2.80180000000000e+07	1.75570309616389e+00,2.04282196440294e-01
2.81760000000000e+07	1.76012630902480e+00,2.01868582909387e-01
2.83340000000000e+07	1.76454702356902e+00,1.99348281729742e-01
2.84920000000000e+07	1.76896283952740e+00,1.96719781430611e-01
2.86500000000000e+07	1.77337126369989e+00,1.93981611101631e-01
2.88080000000000e+07	1.77776970915720e+00,1.91132344899127e-01
2.89660000000000e+07	1.78215549462395e+00,1.88170606722688e-01
2.91240000000000e+07	1.78652584405848e+00,1.85095075058174e-01
2.92820000000000e+07	1.79087788644530e+00,1.81904487982170e-01
2.94400000000000e+07	1.79520865581609e+00,1.78597648321768e-01
2.95980000000000e+07	1.79951509151551e+00,1.75173428962273e-01
2.97560000000000e+07	1.80379403872841e+00,1.71630778294129e-01
2.99140000000000e+07	1.80804224928462e+00,1.67968725788995e-01
3.00720000000000e+07	1.81225638275817e+00,1.64186387693381e-01
3.02300000000000e+07	1.81643300787685e+00,1.60282972826849e-01
3.03880000000000e+07	1.82056860425844e+00,1.56257788470135e-01
3.05460000000000e+07	1.82465956448913e+00,1.52110246326995e-01
3.07040000000000e+07	1.82870219655923e+00,1.47839868541933e-01
3.08620000000000e+07	1.83269272667073e+00,1.43446293754294e-01
3.10200000000000e+07	1.83662730243023e+00,1.38929283167533e-01
3.11780000000000e+07	1.84050199643983e+00,1.34288726610815e-01
3.13360000000000e+07	1.84431281029762e+00,1.29524648568394e-01
3.14940000000000e+07	1.84805567901767e+00,1.24637214150628e-01
3.16520000000000e+07	1.85172647587828e+00,1.19626734978866e-01
3.18100000000000e+07	1.85532101770535e+00,1.14493674954939e-01
3.19680000000000e+07	1.85883507059581e+00,1.09238655884525e-01
3.21260000000000e+07	1.86226435608419e+00,1.03862462922327e-01
3.22840000000000e+07	1.86560455775285e+00,9.83660498057958e-02
3.24420000000000e+07	1.86885132828425e+00,9.27505438430353e-02
3.26000000000000e+07	1.87200029695077e+00,8.70172506196485e-02
3.27580000000000e+07	1.87504707753509e+00,8.11676583885500e-02
3.29160000000000e+07	1.87798727667087e+00,7.52034421062939e-02
3.30740000000000e+07	1.88081650259084e+00,6.91264670791664e-02
3.32320000000000e+07	1.88353037426577e+00,6.29387921823134e-02
3.33900000000000e+07	1.88612453091501e+00,5.66426726154297e-02
3.35480000000000e+07	1.88859464186536e+00,5.02405621590571e-02
3.37060000000000e+07	1.89093641673230e+00,4.37351148964861e-02
3.38640000000000e+07	1.89314561589358e+00,3.71291863673514e-02
3.40220000000000e+07	1.89521806122223e+00,3.04258341206374e-02
3.41800000000000e+07	1.89714964704230e+00,2.36283176365969e-02
3.43380000000000e+07	1.89893635126783e+00,1.67400975893867e-02
3.44960000000000e+07	1.90057424668194e+00,9.76483442474510e-03
3.46540000000000e+07	1.90205951231017e+00,2.70638622999317e-03
3.48120000000000e+07	1.90338844483950e+00,-4.43119412309030e-03
3.49700000000000e+07	1.90455747003161e+00,-1.16436625784090e-02
3.51280000000000e+07	1.90556315407701e+00,-1.89265882506150e-02
3.52860000000000e+07	1.90640221483445e+00,-2.62753585428839e-02
3.54440000000000e+07	1.90707153289855e+00,-3.36851850306563e-02
3.56020000000000e+07	1.90756816243739e+00,-4.11511101099349e-02
3.57600000000000e+07	1.90788934174073e+00,-4.86680144038015e-02
3.59180000000000e+07	1.90803250341974e+00,-5.62306249157929e-02
3.60760000000000e+07	1.90799528419855e+00,-6.38335239135749e-02
3.62340000000000e+07	1.90777553423918e+00,-7.14711585211235e-02
3.63920000000000e+07	1.90737132594204e+00,-7.91378509924091e-02
3.65500000000000e+07	1.90678096216623e+00,-8.68278096343138e-02
3.67080000000000e+07	1.90600298381572e+00,-9.45351403414583e-02
3.68660000000000e+07	1.90503617674040e+00,-1.02253858700620e-01
3.70240000000000e+07	1.90387957790400e+00,-1.09977902617686e-01
3.71820000000000e+07	1.90253248077462e+00,-1.17701145415624e-01
3.73400000000000e+07	1.90099443989788e+00,-1.25417409347741e-01
3.74980000000000e+07	1.89926527461692e+00,-1.33120479466777e-01
3.76560000000000e+07	1.89734507190872e+00,-1.40804117786950e-01
3.78140000000000e+07	1.89523418831160e+00,-1.48462077673224e-01
3.79720000000000e+07	1.89293325092387e+00,-1.56088118389625e-01
3.81300000000000e+07	1.89044315746009e+00,-1.63676019736612e-01
3.82880000000000e+07	1.88776507535699e+00,-1.71219596706207e-01
3.84460000000000e+07	1.88490043992740e+00,-1.78712714082876e-01
3.86040000000000e+07	1.88185095156693e+00,-1.86149300918098e-01
3.87620000000000e+07	1.87861857202402e+00,-1.93523364806996e-01
3.89200000000000e+07	1.87520551975063e+00,-2.00829005896588e-01
3.90780000000000e+07	1.87161426435634e+00,-2.08060430556898e-01
3.92360000000000e+07	1.86784752019492e+00,-2.15211964648424e-01
3.93940000000000e+07	1.86390823911783e+00,-2.22278066322370e-01
3.95520000000000e+07	1.85979960243417e+00,-2.29253338293345e-01
3.97100000000000e+07	1.85552501212202e+00,-2.36132539528100e-01
3.98680000000000e+07	1.85108808134006e+00,-2.42910596298188e-01
4.00260000000000e+07	1.84649262429263e+00,-2.49582612549047e-01
4.01840000000000e+07	1.84174264550508e+00,-2.56143879543069e-01
4.03420000000000e+07	1.83684232856883e+00,-2.62589884739459e-01
4.05000000000000e+07	1.83179602441860e+00,-2.68916319879239e-01
4.06580000000000e+07	1.82660823920553e+00,-2.75119088249371e-01
4.08160000000000e+07	1.82128362183195e+00,-2.81194311105762e-01
4.09740000000000e+07	1.81582695121365e+00,-2.87138333240699e-01
4.11320000000000e+07	1.81024312333627e+00,-2.92947727686036e-01
4.12900000000000e+07	1.80453713817174e+00,-2.98619299549101e-01
4.14480000000000e+07	1.79871408651997e+00,-3.04150088983928e-01
4.16060000000000e+07	1.79277913683974e+00,-3.09537373305652e-01
4.17640000000000e+07	1.78673752213062e+00,-3.14778668261145e-01
4.19220000000000e+07	1.78059452692577e+00,-3.19871728473714e-01
4.20800000000000e+07	1.77435547445279e+00,-3.24814547084273e-01
4.22380000000000e+07	1.76802571401649e+00,-3.29605354615539e-01
4.23960000000000e+07	1.76161060865457e+00,-3.34242617089608e-01
4.25540000000000e+07	1.75511552311331e+00,-3.38725033432686e-01
4.27120000000000e+07	1.74854581218665e+00,-3.43051532203733e-01
4.28700000000000e+07	1.74190680945820e+00,-3.47221267686341e-01
4.30280000000000e+07	1.73520381648151e+00,-3.51233615385371e-01
4.31860000000000e+07	1.72844209242989e+00,-3.55088166971537e-01
4.33440000000000e+07	1.72162684424274e+00,-3.58784724718503e-01
4.35020000000000e+07	1.71476321729137e+00,-3.62323295477950e-01
4.36600000000000e+07	1.70785628658310e+00,-3.65704084238581e-01
4.38180000000000e+07	1.70091104851814e+00,-3.68927487315229e-01
4.39760000000000e+07	1.69393241321045e+00,-3.71994085213985e-01
4.41340000000000e+07	1.68692519737916e+00,-3.74904635218790e-01
4.42920000000000e+07	1.67989411781437e+00,-3.77660063744084e-01
4.44500000000000e+07	1.67284378541701e+00,-3.80261458497004e-01
4.46080000000000e+07	1.66577869980980e+00,-3.82710060491331e-01
4.47660000000000e+07	1.65870324451296e+00,-3.85007255953757e-01
4.49240000000000e+07	1.65162168267584e+00,-3.87154568161353e-01
4.50820000000000e+07	1.64453815335296e+00,-3.89153649247204e-01
4.52400000000000e+07	1.63745666831083e+00,-3.91006272009123e-01
4.53980000000000e+07	1.63038110934968e+00,-3.92714321754240e-01
4.55560000000000e+07	1.62331522612287e+00,-3.94279788210038e-01
4.57140000000000e+07	1.61626263443465e+00,-3.95704757530133e-01
4.58720000000000e+07	1.60922681499628e+00,-3.96991404420816e-01
4.60300000000000e+07	1.60221111261888e+00,-3.98141984412046e-01
4.61880000000000e+07	1.59521873582096e+00,-3.99158826294303e-01
4.63460000000000e+07	1.58825275682773e+00,-4.00044324740446e-01
4.65040000000000e+07	1.58131611193886e+00,-4.00800933129478e-01
4.66620000000000e+07	1.57441160224127e+00,-4.01431156587009e-01
4.68200000000000e+07	1.56754189464313e+00,-4.01937545255056e-01
4.69780000000000e+07	1.56070952320564e+00,-4.02322687801854e-01
4.71360000000000e+07	1.55391689074926e+00,-4.02589205180441e-01
4.72940000000000e+07	1.54716627071118e+00,-4.02739744642912e-01
4.74520000000000e+07	1.54045980923172e+00,-4.02776974015585e-01
4.76100000000000e+07	1.53379952744740e+00,-4.02703576238671e-01
4.77680000000000e+07	1.52718732396953e+00,-4.02522244172533e-01
4.79260000000000e+07	1.52062497752743e+00,-4.02235675671275e-01
4.80840000000000e+07	1.51411414975664e+00,-4.01846568923082e-01
4.82420000000000e+07	1.50765638811288e+00,-4.01357618055567e-01
4.84000000000000e+07	1.50125312889363e+00,-4.00771509003352e-01
4.85580000000000e+07	1.49490570035008e+00,-4.00090915634108e-01
4.87160000000000e+07	1.48861532587309e+00,-3.99318496128477e-01
4.88740000000000e+07	1.48238312723766e+00,-3.98456889608491e-01
4.90320000000000e+07	1.47621012789145e+00,-3.97508713008510e-01
4.91900000000000e+07	1.47009725627389e+00,-3.96476558182053e-01
4.93480000000000e+07	1.46404534915308e+00,-3.95362989237497e-01
4.95060000000000e+07	1.45805515496889e+00,-3.94170540095135e-01
4.96640000000000e+07	1.45212733717152e+00,-3.92901712257832e-01
4.98220000000000e+07	1.44626247754531e+00,-3.91558972787192e-01
4.99800000000000e+07	1.44046107950906e+00,-3.90144752477010e-01
5.01380000000000e+07	1.43472357138430e+00,-3.88661444215615e-01
5.02960000000000e+07	1.42905030962426e+00,-3.87111401528649e-01
5.04540000000000e+07	1.42344158199660e+00,-3.85496937293794e-01
5.06120000000000e+07	1.41789761071412e+00,-3.83820322618977e-01
5.07700000000000e+07	1.41241855550797e+00,-3.82083785875623e-01
5.09280000000000e+07	1.40700451663874e+00,-3.80289511878660e-01
5.10860000000000e+07	1.40165553784144e+00,-3.78439641205051e-01
5.12440000000000e+07	1.39637160920083e+00,-3.76536269642826e-01
5.14020000000000e+07	1.39115266995414e+00,-3.74581447762736e-01
5.15600000000000e+07	1.38599861121886e+00,-3.72577180604865e-01
5.17180000000000e+07	1.38090927864355e+00,-3.70525427472729e-01
5.18760000000000e+07	1.37588447498009e+00,-3.68428101827659e-01
5.20340000000000e+07	1.37092396257649e+00,-3.66287071276455e-01
5.21920000000000e+07	1.36602746578919e+00,-3.64104157645594e-01
5.23500000000000e+07	1.36119467331467e+00,-3.61881137135509e-01
5.25080000000000e+07	1.35642524044016e+00,-3.59619740548713e-01
5.26660000000000e+07	1.35171879121373e+00,-3.57321653585825e-01
5.28240000000000e+07	1.34707492053401e+00,-3.54988517203810e-01
5.29820000000000e+07	1.34249319616040e+00,-3.52621928031003e-01
5.31400000000000e+07	1.33797316064458e+00,-3.50223438833767e-01
5.32980000000000e+07	1.33351433318425e+00,-3.47794559029884e-01
5.34560000000000e+07	1.32911621140054e+00,-3.45336755244036e-01
5.36140000000000e+07	1.32477827304021e+00,-3.42851451900986e-01
5.37720000000000e+07	1.32049997760430e+00,-3.40340031852316e-01
5.39300000000000e+07	1.31628076790472e+00,-3.37803837032821e-01
5.40880000000000e+07	1.31212007155046e+00,-3.35244169142875e-01
5.42460000000000e+07	1.30801730236523e+00,-3.32662290353340e-01
5.44040000000000e+07	1.30397186173821e+00,-3.30059424029774e-01
5.45620000000000e+07	1.29998313990993e+00,-3.27436755472930e-01
5.47200000000000e+07	1.29605051719507e+00,-3.24795432672723e-01
5.48780000000000e+07	1.29217336514410e+00,-3.22136567073049e-01
5.50360000000000e+07	1.28835104764576e+00,-3.19461234345011e-01
5.51940000000000e+07	1.28458292197225e+00,-3.16770475166297e-01
5.53520000000000e+07	1.28086833976920e+00,-3.14065296004623e-01
5.55100000000000e+07	1.27720664799213e+00,-3.11346669903300e-01
5.56680000000000e+07	1.27359718979164e+00,-3.08615537267162e-01
5.58260000000000e+07	1.27003930534898e+00,-3.05872806647210e-01
5.59840000000000e+07	1.26653233266397e+00,-3.03119355522490e-01
5.61420000000000e+07	1.26307560829719e+00,-3.00356031077836e-01
5.63000000000000e+07	1.25966846806821e+00,-2.97583650976229e-01
5.64580000000000e+07	1.25631024771160e+00,-2.94803004124661e-01
5.66160000000000e+07	1.25300028349261e+00,-2.92014851432469e-01
5.67740000000000e+07	1.24973791278411e+00,-2.89219926561247e-01
5.69320000000000e+07	1.24652247460651e+00,-2.86418936665489e-01
5.70900000000000e+07	1.24335331013231e+00,-2.83612563123257e-01
5.72480000000000e+07	1.24022976315687e+00,-2.80801462256218e-01
5.74060000000000e+07	1.23715118053684e+00,-2.77986266038476e-01
5.75640000000000e+07	1.23411691259789e+00,-2.75167582793728e-01
5.77220000000000e+07	1.23112631351310e+00,-2.72345997880284e-01
5.78800000000000e+07	1.22817874165342e+00,-2.69522074363623e-01
5.80380000000000e+07	1.22527355991153e+00,-2.66696353676151e-01
5.81960000000000e+07	1.22241013600053e+00,-2.63869356263930e-01
5.83540000000000e+07	1.21958784272852e+00,-2.61041582220166e-01
5.85120000000000e+07	1.21680605825044e+00,-2.58213511905311e-01
5.86700000000000e+07	1.21406416629832e+00,-2.55385606553658e-01
5.88280000000000e+07	1.21136155639100e+00,-2.52558308866362e-01
5.89860000000000e+07	1.20869762402441e+00,-2.49732043590851e-01
5.91440000000000e+07	1.20607177084354e+00,-2.46907218086618e-01
5.93020000000000e+07	1.20348340479697e+00,-2.44084222877424e-01
5.94600000000000e+07	1.20093194027500e+00,-2.41263432189957e-01
5.96180000000000e+07	1.19841679823229e+00,-2.38445204479040e-01
5.97760000000000e+07	1.19593740629578e+00,-2.35629882939469e-01
5.99340000000000e+07	1.19349319885890e+00,-2.32817796004613e-01
6.00920000000000e+07	1.19108361716274e+00,-2.30009257831907e-01
6.02500000000000e+07	1.18870810936496e+00,-2.27204568775396e-01
6.04080000000000e+07	1.18636613059723e+00,-2.24404015845493e-01
6.05660000000000e+07	1.18405714301183e+00,-2.21607873156139e-01
6.07240000000000e+07	1.18178061581814e+00,-2.18816402359540e-01
6.08820000000000e+07	1.17953602530956e+00,-2.16029853068707e-01
6.10400000000000e+07	1.17732285488158e+00,-2.13248463267984e-01
6.11980000000000e+07	1.17514059504145e+00,-2.10472459711788e-01
6.13560000000000e+07	1.17298874341010e+00,-2.07702058311797e-01
6.15140000000000e+07	1.17086680471677e+00,-2.04937464512786e-01
6.16720000000000e+07	1.16877429078685e+00,-2.02178873657367e-01
6.18300000000000e+07	1.16671072052342e+00,-1.99426471339854e-01
6.19880000000000e+07	1.16467561988290e+00,-1.96680433749484e-01
6.21460000000000e+07	1.16266852184529e+00,-1.93940928003250e-01
6.23040000000000e+07	1.16068896637931e+00,-1.91208112468569e-01
6.24620000000000e+07	1.15873650040289e+00,-1.88482137076019e-01
6.26200000000000e+07	1.15681067773938e+00,-1.85763143622406e-01
6.27780000000000e+07	1.15491105906972e+00,-1.83051266064372e-01
6.29360000000000e+07	1.15303721188102e+00,-1.80346630802800e-01
6.30940000000000e+07	1.15118871041175e+00,-1.77649356958234e-01
6.32520000000000e+07	1.14936513559389e+00,-1.74959556637566e-01
6.34100000000000e+07	1.14756607499227e+00,-1.72277335192190e-01
6.35680000000000e+07	1.14579112274141e+00,-1.69602791467889e-01
6.37260000000000e+07	1.14403987947999e+00,-1.66936018046639e-01
6.38840000000000e+07	1.14231195228336e+00,-1.64277101480584e-01
6.40420000000000e+07	1.14060695459407e+00,-1.61626122518373e-01
6.42000000000000e+07	1.13892450615086e+00,-1.58983156324097e-01
6.43580000000000e+07	1.13726423291611e+00,-1.56348272689011e-01
6.45160000000000e+07	1.13562576700207e+00,-1.53721536236273e-01
6.46740000000000e+07	1.13400874659588e+00,-1.51103006618881e-01
6.48320000000000e+07	1.13241281588371e+00,-1.48492738711018e-01
6.49900000000000e+07	1.13083762497404e+00,-1.45890782792997e-01
6.51480000000000e+07	1.12928282982034e+00,-1.43297184729995e-01
6.53060000000000e+07	1.12774809214305e+00,-1.40711986144762e-01
6.54640000000000e+07	1.12623307935129e+00,-1.38135224584485e-01
6.56220000000000e+07	1.12473746446419e+00,-1.35566933681992e-01
6.57800000000000e+07	1.12326092603200e+00,-1.33007143311455e-01
6.59380000000000e+07	1.12180314805709e+00,-1.30455879738783e-01
6.60960000000000e+07	1.12036381991501e+00,-1.27913165766841e-01
6.62540000000000e+07	1.11894263627547e+00,-1.25379020875686e-01
6.64120000000000e+07	1.11753929702365e+00,-1.22853461357951e-01
6.65700000000000e+07	1.11615350718153e+00,-1.20336500449549e-01
6.67280000000000e+07	1.11478497682970e+00,-1.17828148455828e-01
6.68860000000000e+07	1.11343342102938e+00,-1.15328412873345e-01
6.70440000000000e+07	1.11209855974493e+00,-1.12837298507363e-01
6.72020000000000e+07	1.11078011776677e+00,-1.10354807585258e-01
6.73600000000000e+07	1.10947782463488e+00,-1.07880939865911e-01
6.75180000000000e+07	1.10819141456276e+00,-1.05415692745266e-01
6.76760000000000e+07	1.10692062636213e+00,-1.02959061358147e-01
6.78340000000000e+07	1.10566520336808e+00,-1.00511038676468e-01
6.79920000000000e+07	1.10442489336510e+00,-9.80716156039507e-02
6.81500000000000e+07	1.10319944851366e+00,-9.56407810674671e-02
6.83080000000000e+07	1.10198862527757e+00,-9.32185221051185e-02
6.84660000000000e+07	1.10079218435213e+00,-9.08048239511552e-02
6.86240000000000e+07	1.09960989059301e+00,-8.83996701178459e-02
6.87820000000000e+07	1.09844151294600e+00,-8.60030424743958e-02
6.89400000000000e+07	1.09728682437747e+00,-8.36149213230125e-02
6.90980000000000e+07	1.09614560180579e+00,-8.12352854722190e-02
6.92560000000000e+07	1.09501762603350e+00,-7.88641123074978e-02
6.94140000000000e+07	1.09390268168041e+00,-7.65013778593622e-02
6.95720000000000e+07	1.09280055711754e+00,-7.41470568689441e-02
6.97300000000000e+07	1.09171104440193e+00,-7.18011228511732e-02
6.98880000000000e+07	1.09063393921236e+00,-6.94635481556386e-02
7.00460000000000e+07	1.08956904078597e+00,-6.71343040252045e-02
7.02040000000000e+07	1.08851615185573e+00,-6.48133606524635e-02
7.03620000000000e+07	1.08747507858887e+00,-6.25006872340930e-02
7.05200000000000e+07	1.08644563052617e+00,-6.01962520231923e-02
7.06780000000000e+07	1.08542762052214e+00,-5.79000223796715e-02
7.08360000000000e+07	1.08442086468617e+00,-5.56119648187486e-02
7.09940000000000e+07	1.08342518232448e+00,-5.33320450576344e-02
7.11520000000000e+07	1.08244039588308e+00,-5.10602280604551e-02
7.13100000000000e+07	1.08146633089149e+00,-4.87964780814819e-02
7.14680000000000e+07	1.08050281590749e+00,-4.65407587067196e-02
7.16260000000000e+07	1.07954968246266e+00,-4.42930328939173e-02
7.17840000000000e+07	1.07860676500882e+00,-4.20532630110510e-02
7.19420000000000e+07	1.07767390086535e+00,-3.98214108733345e-02
7.21000000000000e+07	1.07675093016741e+00,-3.75974377788088e-02
7.22580000000000e+07	1.07583769581496e+00,-3.53813045425570e-02
7.24160000000000e+07	1.07493404342266e+00,-3.31729715295982e-02
7.25740000000000e+07	1.07403982127065e+00,-3.09723986865013e-02
7.27320000000000e+07	1.07315488025608e+00,-2.87795455717664e-02
7.28900000000000e+07	1.07227907384557e+00,-2.65943713850183e-02
7.30480000000000e+07	1.07141225802845e+00,-2.44168349950476e-02
7.32060000000000e+07	1.07055429127074e+00,-2.22468949667497e-02
7.33640000000000e+07	1.06970503447005e+00,-2.00845095869925e-02
7.35220000000000e+07	1.06886435091121e+00,-1.79296368894509e-02
7.36800000000000e+07	1.06803210622265e+00,-1.57822346784534e-02
7.38380000000000e+07	1.06720816833364e+00,-1.36422605518641e-02
7.39960000000000e+07	1.06639240743221e+00,-1.15096719230418e-02
7.41540000000000e+07	1.06558469592384e+00,-9.38442604190756e-03
7.43120000000000e+07	1.06478490839094e+00,-7.26648001515020e-03
7.44700000000000e+07	1.06399292155301e+00,-5.15579082560319e-03
7.46280000000000e+07	1.06320861422752e+00,-3.05231535082165e-03
7.47860000000000e+07	1.06243186729154e+00,-9.56010380886405e-04
7.49440000000000e+07	1.06166256364404e+00,1.13316736453468e-03
7.51020000000000e+07	1.06090058816887e+00,3.21526121984177e-03
7.52600000000000e+07	1.06014582769844e+00,5.29031455785256e-03
7.54180000000000e+07	1.05939817097809e+00,7.35837077481568e-03
7.55760000000000e+07	1.05865750863104e+00,9.41947327606772e-03
7.57340000000000e+07	1.05792373312408e+00,1.14736654623099e-02
7.58920000000000e+07	1.05719673873384e+00,1.35209907164807e-02
7.60500000000000e+07	1.05647642151368e+00,1.55614923912059e-02
7.62080000000000e+07	1.05576267926125e+00,1.75952137968009e-02
7.63660000000000e+07	1.05505541148661e+00,1.96221981898091e-02
7.65240000000000e+07	1.05435451938095e+00,2.16424887620550e-02
7.66820000000000e+07	1.05365990578593e+00,2.36561286301920e-02
7.68400000000000e+07	1.05297147516353e+00,2.56631608257308e-02
7.69980000000000e+07	1.05228913356654e+00,2.76636282855268e-02
7.71560000000000e+07	1.05161278860956e+00,2.96575738427105e-02
7.73140000000000e+07	1.05094234944058e+00,3.16450402180469e-02
7.74720000000000e+07	1.05027772671304e+00,3.36260700117058e-02
7.76300000000000e+07	1.04961883255847e+00,3.56007056954287e-02
7.77880000000000e+07	1.04896558055965e+00,3.75689896050777e-02
7.79460000000000e+07	1.04831788572422e+00,3.95309639335516e-02
7.81040000000000e+07	1.04767566445889e+00,4.14866707240564e-02
7.82620000000000e+07	1.04703883454400e+00,4.34361518637156e-02
7.84200000000000e+07	1.04640731510871e+00,4.53794490775116e-02
7.85780000000000e+07	1.04578102660656e+00,4.73166039225395e-02
7.87360000000000e+07	1.04515989079155e+00,4.92476577825669e-02
7.88940000000000e+07	1.04454383069461e+00,5.11726518628852e-02
7.90520000000000e+07	1.04393277060062e+00,5.30916271854446e-02
7.92100000000000e+07	1.04332663602577e+00,5.50046245842563e-02
7.93680000000000e+07	1.04272535369540e+00,5.69116847010594e-02
7.95260000000000e+07	1.04212885152225e+00,5.88128479812375e-02
7.96840000000000e+07	1.04153705858513e+00,6.07081546699729e-02
7.98420000000000e+07	1.04094990510799e+00,6.25976448086384e-02
8.00000000000000e+07	1.04036732243938e+00,6.44813582314093e-02
