Freq.	-V(reflectedwaveover20)/V(minusincidentwaveover20)
7.00000000000000e+07	-8.66581340120962e-01,4.97166860466003e-01
7.00600600600601e+07	-8.65013740825510e-01,4.99871022976584e-01
7.01201201201201e+07	-8.63437663690436e-01,5.02570236569247e-01
7.01801801801802e+07	-8.61853124333620e-01,5.05264474741764e-01
7.02402402402402e+07	-8.60260138455523e-01,5.07953711041051e-01
7.03003003003003e+07	-8.58658721838730e-01,5.10637919063453e-01
7.03603603603604e+07	-8.57048890348157e-01,5.13317072454939e-01
7.04204204204204e+07	-8.55430659930582e-01,5.15991144911329e-01
7.04804804804805e+07	-8.53804046614544e-01,5.18660110178671e-01
7.05405405405405e+07	-8.52169066510505e-01,5.21323942053424e-01
7.06006006006006e+07	-8.50525735810283e-01,5.23982614382634e-01
7.06606606606607e+07	-8.48874070786986e-01,5.26636101064322e-01
7.07207207207207e+07	-8.47214087795002e-01,5.29284376047623e-01
7.07807807807808e+07	-8.45545803269728e-01,5.31927413333110e-01
7.08408408408408e+07	-8.43869233727597e-01,5.34565186973037e-01
7.09009009009009e+07	-8.42184395765450e-01,5.37197671071516e-01
7.09609609609610e+07	-8.40491306060990e-01,5.39824839784884e-01
7.10210210210210e+07	-8.38789981372168e-01,5.42446667321818e-01
7.10810810810811e+07	-8.37080438537147e-01,5.45063127943718e-01
7.11411411411411e+07	-8.35362694474139e-01,5.47674195964862e-01
7.12012012012012e+07	-8.33636766181400e-01,5.50279845752672e-01
7.12612612612613e+07	-8.31902670736747e-01,5.52880051727989e-01
7.13213213213213e+07	-8.30160425297624e-01,5.55474788365278e-01
7.13813813813814e+07	-8.28410047100974e-01,5.58064030192939e-01
7.14414414414414e+07	-8.26651553462860e-01,5.60647751793499e-01
7.15015015015015e+07	-8.24884961778417e-01,5.63225927803765e-01
7.15615615615616e+07	-8.23110289521687e-01,5.65798532915356e-01
7.16216216216216e+07	-8.21327554245445e-01,5.68365541874575e-01
7.16816816816817e+07	-8.19536773581067e-01,5.70926929482988e-01
7.17417417417417e+07	-8.17737965238195e-01,5.73482670597433e-01
7.18018018018018e+07	-8.15931147004753e-01,5.76032740130342e-01
7.18618618618619e+07	-8.14116336746779e-01,5.78577113050028e-01
7.19219219219219e+07	-8.12293552407914e-01,5.81115764380886e-01
7.19819819819820e+07	-8.10462812009830e-01,5.83648669203582e-01
7.20420420420420e+07	-8.08624133651409e-01,5.86175802655401e-01
7.21021021021021e+07	-8.06777535509124e-01,5.88697139930374e-01
7.21621621621622e+07	-8.04923035836322e-01,5.91212656279638e-01
7.22222222222222e+07	-8.03060652963613e-01,5.93722327011539e-01
7.22822822822823e+07	-8.01190405298177e-01,5.96226127491930e-01
7.23423423423423e+07	-7.99312311324025e-01,5.98724033144572e-01
7.24024024024024e+07	-7.97426389601485e-01,6.01216019450954e-01
7.24624624624625e+07	-7.95532658767088e-01,6.03702061951044e-01
7.25225225225225e+07	-7.93631137533614e-01,6.06182136243125e-01
7.25825825825826e+07	-7.91721844689608e-01,6.08656217984215e-01
7.26426426426426e+07	-7.89804799099426e-01,6.11124282890268e-01
7.27027027027027e+07	-7.87880019702929e-01,6.13586306736360e-01
7.27627627627628e+07	-7.85947525515244e-01,6.16042265357050e-01
7.28228228228228e+07	-7.84007335626763e-01,6.18492134646457e-01
7.28828828828829e+07	-7.82059469202807e-01,6.20935890558565e-01
7.29429429429429e+07	-7.80103945483585e-01,6.23373509107515e-01
7.30030030030030e+07	-7.78140783783714e-01,6.25804966367668e-01
7.30630630630631e+07	-7.76170003492430e-01,6.28230238474041e-01
7.31231231231231e+07	-7.74191624073082e-01,6.30649301622436e-01
7.31831831831832e+07	-7.72205665063119e-01,6.33062132069565e-01
7.32432432432432e+07	-7.70212146073777e-01,6.35468706133496e-01
7.33033033033033e+07	-7.68211086790050e-01,6.37869000193703e-01
7.33633633633634e+07	-7.66202506970326e-01,6.40262990691425e-01
7.34234234234234e+07	-7.64186426446238e-01,6.42650654129737e-01
7.34834834834835e+07	-7.62162865122657e-01,6.45031967073949e-01
7.35435435435435e+07	-7.60131842977098e-01,6.47406906151666e-01
7.36036036036036e+07	-7.58093380060061e-01,6.49775448053210e-01
7.36636636636637e+07	-7.56047496494322e-01,6.52137569531638e-01
7.37237237237237e+07	-7.53994212475080e-01,6.54493247403146e-01
7.37837837837838e+07	-7.51933548269548e-01,6.56842458547069e-01
7.38438438438438e+07	-7.49865524216998e-01,6.59185179906377e-01
7.39039039039039e+07	-7.47790160728365e-01,6.61521388487713e-01
7.39639639639640e+07	-7.45707478286020e-01,6.63851061361694e-01
7.40240240240240e+07	-7.43617497443749e-01,6.66174175662986e-01
7.40840840840841e+07	-7.41520238826361e-01,6.68490708590759e-01
7.41441441441441e+07	-7.39415723129717e-01,6.70800637408777e-01
7.42042042042042e+07	-7.37303971120325e-01,6.73103939445553e-01
7.42642642642643e+07	-7.35185003635159e-01,6.75400592094728e-01
7.43243243243243e+07	-7.33058841581754e-01,6.77690572815189e-01
7.43843843843844e+07	-7.30925505937281e-01,6.79973859131239e-01
7.44444444444444e+07	-7.28785017749341e-01,6.82250428632950e-01
7.45045045045045e+07	-7.26637398135041e-01,6.84520258976222e-01
7.45645645645646e+07	-7.24482668280771e-01,6.86783327883133e-01
7.46246246246246e+07	-7.22320849442550e-01,6.89039613142181e-01
7.46846846846847e+07	-7.20151962945346e-01,6.91289092608233e-01
7.47447447447447e+07	-7.17976030183015e-01,6.93531744203080e-01
7.48048048048048e+07	-7.15793072618021e-01,6.95767545915446e-01
7.48648648648649e+07	-7.13603111781455e-01,6.97996475801206e-01
7.49249249249249e+07	-7.11406169272530e-01,7.00218511983734e-01
7.49849849849850e+07	-7.09202266758576e-01,7.02433632653932e-01
7.50450450450450e+07	-7.06991425974763e-01,7.04641816070582e-01
7.51051051051051e+07	-7.04773668723804e-01,7.06843040560472e-01
7.51651651651652e+07	-7.02549016875975e-01,7.09037284518653e-01
7.52252252252252e+07	-7.00317492368692e-01,7.11224526408604e-01
7.52852852852853e+07	-6.98079117206254e-01,7.13404744762564e-01
7.53453453453453e+07	-6.95833913459927e-01,7.15577918181486e-01
7.54054054054054e+07	-6.93581903267494e-01,7.17744025335519e-01
7.54654654654655e+07	-6.91323108832993e-01,7.19903044964037e-01
7.55255255255255e+07	-6.89057552426671e-01,7.22054955875965e-01
7.55855855855856e+07	-6.86785256384707e-01,7.24199736949832e-01
7.56456456456456e+07	-6.84506243108991e-01,7.26337367134111e-01
7.57057057057057e+07	-6.82220535066847e-01,7.28467825447339e-01
7.57657657657658e+07	-6.79928154790877e-01,7.30591090978437e-01
7.58258258258258e+07	-6.77629124878826e-01,7.32707142886743e-01
7.58858858858859e+07	-6.75323467993184e-01,7.34815960402339e-01
7.59459459459459e+07	-6.73011206861036e-01,7.36917522826242e-01
7.60060060060060e+07	-6.70692364274006e-01,7.39011809530484e-01
7.60660660660661e+07	-6.68366963087720e-01,7.41098799958451e-01
7.61261261261261e+07	-6.66035026221828e-01,7.43178473625095e-01
7.61861861861862e+07	-6.63696576659751e-01,7.45250810116969e-01
7.62462462462462e+07	-6.61351637448288e-01,7.47315789092558e-01
7.63063063063063e+07	-6.59000231697756e-01,7.49373390282452e-01
7.63663663663664e+07	-6.56642382581286e-01,7.51423593489546e-01
7.64264264264264e+07	-6.54278113334946e-01,7.53466378589212e-01
7.64864864864865e+07	-6.51907447257515e-01,7.55501725529448e-01
7.65465465465465e+07	-6.49530407709989e-01,7.57529614331177e-01
7.66066066066066e+07	-6.47147018115609e-01,7.59550025088415e-01
7.66666666666667e+07	-6.44757301959582e-01,7.61562937968371e-01
7.67267267267267e+07	-6.42361282788685e-01,7.63568333211729e-01
7.67867867867868e+07	-6.39958984211403e-01,7.65566191132860e-01
7.68468468468468e+07	-6.37550429897248e-01,7.67556492119906e-01
7.69069069069069e+07	-6.35135643576860e-01,7.69539216635082e-01
7.69669669669670e+07	-6.32714649041670e-01,7.71514345214744e-01
7.70270270270270e+07	-6.30287470143640e-01,7.73481858469675e-01
7.70870870870871e+07	-6.27854130795069e-01,7.75441737085323e-01
7.71471471471471e+07	-6.25414654968440e-01,7.77393961821847e-01
7.72072072072072e+07	-6.22969066695926e-01,7.79338513514261e-01
7.72672672672673e+07	-6.20517390069518e-01,7.81275373072909e-01
7.73273273273273e+07	-6.18059649240456e-01,7.83204521483386e-01
7.73873873873874e+07	-6.15595868419251e-01,7.85125939806769e-01
7.74474474474474e+07	-6.13126071875325e-01,7.87039609179842e-01
7.75075075075075e+07	-6.10650283936782e-01,7.88945510815301e-01
7.75675675675676e+07	-6.08168528990182e-01,7.90843626001921e-01
7.76276276276276e+07	-6.05680831480367e-01,7.92733936104601e-01
7.76876876876877e+07	-6.03187215910091e-01,7.94616422564835e-01
7.77477477477477e+07	-6.00687706839969e-01,7.96491066900543e-01
7.78078078078078e+07	-5.98182328887978e-01,7.98357850706594e-01
7.78678678678679e+07	-5.95671106729499e-01,8.00216755654663e-01
7.79279279279279e+07	-5.93154065096894e-01,8.02067763493679e-01
7.79879879879880e+07	-5.90631228779478e-01,8.03910856049781e-01
7.80480480480480e+07	-5.88102622622861e-01,8.05746015226782e-01
7.81081081081081e+07	-5.85568271529172e-01,8.07573223005859e-01
7.81681681681682e+07	-5.83028200456541e-01,8.09392461446289e-01
7.82282282282282e+07	-5.80482434418968e-01,8.11203712685250e-01
7.82882882882883e+07	-5.77930998486009e-01,8.13006958938183e-01
7.83483483483483e+07	-5.75373917782615e-01,8.14802182498813e-01
7.84084084084084e+07	-5.72811217488862e-01,8.16589365739365e-01
7.84684684684685e+07	-5.70242922839622e-01,8.18368491110852e-01
7.85285285285285e+07	-5.67669059124550e-01,8.20139541143099e-01
7.85885885885886e+07	-5.65089651687384e-01,8.21902498445010e-01
7.86486486486486e+07	-5.62504725926335e-01,8.23657345704716e-01
7.87087087087087e+07	-5.59914307293305e-01,8.25404065689584e-01
7.87687687687688e+07	-5.57318421293832e-01,8.27142641246766e-01
7.88288288288288e+07	-5.54717093486967e-01,8.28873055302912e-01
7.88888888888889e+07	-5.52110349484787e-01,8.30595290864578e-01
7.89489489489489e+07	-5.49498214952335e-01,8.32309331018490e-01
7.90090090090090e+07	-5.46880715607358e-01,8.34015158931464e-01
7.90690690690691e+07	-5.44257877219883e-01,8.35712757850702e-01
7.91291291291291e+07	-5.41629725612179e-01,8.37402111103993e-01
7.91891891891892e+07	-5.38996286658354e-01,8.39083202099713e-01
7.92492492492492e+07	-5.36357586284249e-01,8.40756014327188e-01
7.93093093093093e+07	-5.33713650467147e-01,8.42420531356725e-01
7.93693693693694e+07	-5.31064505235247e-01,8.44076736839776e-01
7.94294294294294e+07	-5.28410176667934e-01,8.45724614509169e-01
7.94894894894895e+07	-5.25750690895167e-01,8.47364148179218e-01
7.95495495495495e+07	-5.23086074097117e-01,8.48995321745895e-01
7.96096096096096e+07	-5.20416352504355e-01,8.50618119186835e-01
7.96696696696697e+07	-5.17741552397184e-01,8.52232524561868e-01
7.97297297297297e+07	-5.15061700105603e-01,8.53838522012749e-01
7.97897897897898e+07	-5.12376822008882e-01,8.55436095763598e-01
7.98498498498498e+07	-5.09686944535712e-01,8.57025230120852e-01
7.99099099099099e+07	-5.06992094163222e-01,8.58605909473771e-01
7.99699699699700e+07	-5.04292297417554e-01,8.60178118294025e-01
8.00300300300300e+07	-5.01587580872988e-01,8.61741841136307e-01
8.00900900900901e+07	-4.98877971151969e-01,8.63297062638366e-01
8.01501501501502e+07	-4.96163494924830e-01,8.64843767521139e-01
8.02102102102102e+07	-4.93444178909361e-01,8.66381940588758e-01
8.02702702702703e+07	-4.90720049870776e-01,8.67911566728975e-01
8.03303303303303e+07	-4.87991134621333e-01,8.69432630913063e-01
8.03903903903904e+07	-4.85257460020139e-01,8.70945118196141e-01
8.04504504504505e+07	-4.82519052972793e-01,8.72449013717192e-01
8.05105105105105e+07	-4.79775940431271e-01,8.73944302699212e-01
8.05705705705706e+07	-4.77028149393441e-01,8.75430970449441e-01
8.06306306306306e+07	-4.74275706903066e-01,8.76909002359563e-01
8.06906906906907e+07	-4.71518640049374e-01,8.78378383905553e-01
8.07507507507508e+07	-4.68756975966768e-01,8.79839100648138e-01
8.08108108108108e+07	-4.65990741834740e-01,8.81291138232796e-01
8.08708708708709e+07	-4.63219964877510e-01,8.82734482389913e-01
8.09309309309309e+07	-4.60444672363619e-01,8.84169118934921e-01
8.09909909909910e+07	-4.57664891605910e-01,8.85595033768387e-01
8.10510510510511e+07	-4.54880649961189e-01,8.87012212876285e-01
8.11111111111111e+07	-4.52091974829834e-01,8.88420642329932e-01
8.11711711711712e+07	-4.49298893655612e-01,8.89820308286385e-01
8.12312312312312e+07	-4.46501433925577e-01,8.91211196988359e-01
8.12912912912913e+07	-4.43699623169429e-01,8.92593294764361e-01
8.13513513513514e+07	-4.40893488959645e-01,8.93966588029009e-01
8.14114114114114e+07	-4.38083058910998e-01,8.95331063283054e-01
8.14714714714715e+07	-4.35268360680283e-01,8.96686707113388e-01
8.15315315315315e+07	-4.32449421966105e-01,8.98033506193444e-01
8.15915915915916e+07	-4.29626270508639e-01,8.99371447283032e-01
8.16516516516517e+07	-4.26798934089365e-01,9.00700517228728e-01
8.17117117117117e+07	-4.23967440530634e-01,9.02020702963828e-01
8.17717717717718e+07	-4.21131817695634e-01,9.03331991508577e-01
8.18318318318318e+07	-4.18292093487886e-01,9.04634369970245e-01
8.18918918918919e+07	-4.15448295851254e-01,9.05927825543218e-01
8.19519519519520e+07	-4.12600452769468e-01,9.07212345509264e-01
8.20120120120120e+07	-4.09748592265838e-01,9.08487917237451e-01
8.20720720720721e+07	-4.06892742403148e-01,9.09754528184436e-01
8.21321321321321e+07	-4.04032931283142e-01,9.11012165894560e-01
8.21921921921922e+07	-4.01169187046611e-01,9.12260817999885e-01
8.22522522522523e+07	-3.98301537872678e-01,9.13500472220415e-01
8.23123123123123e+07	-3.95430011978934e-01,9.14731116364173e-01
8.23723723723724e+07	-3.92554637620895e-01,9.15952738327301e-01
8.24324324324324e+07	-3.89675443091853e-01,9.17165326094184e-01
8.24924924924925e+07	-3.86792456722519e-01,9.18368867737708e-01
8.25525525525526e+07	-3.83905706880853e-01,9.19563351419000e-01
8.26126126126126e+07	-3.81015221971682e-01,9.20748765388078e-01
8.26726726726727e+07	-3.78121030436594e-01,9.21925097983512e-01
8.27327327327327e+07	-3.75223160753395e-01,9.23092337632739e-01
8.27927927927928e+07	-3.72321641436067e-01,9.24250472852183e-01
8.28528528528529e+07	-3.69416501034402e-01,9.25399492247307e-01
8.29129129129129e+07	-3.66507768133671e-01,9.26539384512809e-01
8.29729729729730e+07	-3.63595471354614e-01,9.27670138432526e-01
8.30330330330330e+07	-3.60679639352700e-01,9.28791742879847e-01
8.30930930930931e+07	-3.57760300818265e-01,9.29904186817589e-01
8.31531531531532e+07	-3.54837484475999e-01,9.31007459298267e-01
8.32132132132132e+07	-3.51911219084883e-01,9.32101549463966e-01
8.32732732732733e+07	-3.48981533437562e-01,9.33186446546787e-01
8.33333333333333e+07	-3.46048456360449e-01,9.34262139868606e-01
8.33933933933934e+07	-3.43112016713270e-01,9.35328618841465e-01
8.34534534534535e+07	-3.40172243388643e-01,9.36385872967413e-01
8.35135135135135e+07	-3.37229165312216e-01,9.37433891838953e-01
8.35735735735736e+07	-3.34282811441830e-01,9.38472665138723e-01
8.36336336336336e+07	-3.31333210767694e-01,9.39502182639928e-01
8.36936936936937e+07	-3.28380392311888e-01,9.40522434206320e-01
8.37537537537538e+07	-3.25424385128163e-01,9.41533409792259e-01
8.38138138138138e+07	-3.22465218301580e-01,9.42535099442926e-01
8.38738738738739e+07	-3.19502920948344e-01,9.43527493294261e-01
8.39339339339339e+07	-3.16537522215346e-01,9.44510581573301e-01
8.39939939939940e+07	-3.13569051280138e-01,9.45484354597886e-01
8.40540540540541e+07	-3.10597537350387e-01,9.46448802777271e-01
8.41141141141141e+07	-3.07623009663739e-01,9.47403916611821e-01
8.41741741741742e+07	-3.04645497487576e-01,9.48349686693102e-01
8.42342342342342e+07	-3.01665030118472e-01,9.49286103704321e-01
8.42942942942943e+07	-2.98681636882364e-01,9.50213158420095e-01
8.43543543543544e+07	-2.95695347133760e-01,9.51130841706608e-01
8.44144144144144e+07	-2.92706190255804e-01,9.52039144521781e-01
8.44744744744745e+07	-2.89714195659964e-01,9.52938057915360e-01
8.45345345345345e+07	-2.86719392785515e-01,9.53827573028951e-01
8.45945945945946e+07	-2.83721811099508e-01,9.54707681096057e-01
8.46546546546547e+07	-2.80721480096365e-01,9.55578373442260e-01
8.47147147147147e+07	-2.77718429297589e-01,9.56439641485300e-01
8.47747747747748e+07	-2.74712688251522e-01,9.57291476735083e-01
8.48348348348348e+07	-2.71704286533002e-01,9.58133870793929e-01
8.48948948948949e+07	-2.68693253743249e-01,9.58966815356443e-01
8.49549549549550e+07	-2.65679619509217e-01,9.59790302209709e-01
8.50150150150150e+07	-2.62663413483718e-01,9.60604323233404e-01
8.50750750750751e+07	-2.59644665344811e-01,9.61408870399797e-01
8.51351351351351e+07	-2.56623404795821e-01,9.62203935773840e-01
8.51951951951952e+07	-2.53599661564738e-01,9.62989511513454e-01
8.52552552552553e+07	-2.50573465404142e-01,9.63765589869168e-01
8.53153153153153e+07	-2.47544846090809e-01,9.64532163184680e-01
8.53753753753754e+07	-2.44513833425467e-01,9.65289223896525e-01
8.54354354354354e+07	-2.41480457232558e-01,9.66036764534479e-01
8.54954954954955e+07	-2.38444747359821e-01,9.66774777721431e-01
8.55555555555556e+07	-2.35406733678125e-01,9.67503256173494e-01
8.56156156156156e+07	-2.32366446081050e-01,9.68222192700192e-01
8.56756756756757e+07	-2.29323914484728e-01,9.68931580204306e-01
8.57357357357357e+07	-2.26279168827633e-01,9.69631411682195e-01
8.57957957957958e+07	-2.23232239069846e-01,9.70321680223679e-01
8.58558558558559e+07	-2.20183155193378e-01,9.71002379012191e-01
8.59159159159159e+07	-2.17131947201423e-01,9.71673501324889e-01
8.59759759759760e+07	-2.14078645118185e-01,9.72335040532575e-01
8.60360360360360e+07	-2.11023278988858e-01,9.72986990099942e-01
8.60960960960961e+07	-2.07965878878812e-01,9.73629343585501e-01
8.61561561561562e+07	-2.04906474873685e-01,9.74262094641678e-01
8.62162162162162e+07	-2.01845097079169e-01,9.74885237014965e-01
8.62762762762763e+07	-1.98781775620324e-01,9.75498764545878e-01
8.63363363363363e+07	-1.95716540641582e-01,9.76102671169028e-01
8.63963963963964e+07	-1.92649422306412e-01,9.76696950913249e-01
8.64564564564565e+07	-1.89580450796974e-01,9.77281597901608e-01
8.65165165165165e+07	-1.86509656313846e-01,9.77856606351442e-01
8.65765765765766e+07	-1.83437069075747e-01,9.78421970574578e-01
8.66366366366366e+07	-1.80362719319212e-01,9.78977684977071e-01
8.66966966966967e+07	-1.77286637298337e-01,9.79523744059577e-01
8.67567567567568e+07	-1.74208853284434e-01,9.80060142417245e-01
8.68168168168168e+07	-1.71129397565813e-01,9.80586874739863e-01
8.68768768768769e+07	-1.68048300447452e-01,9.81103935811757e-01
8.69369369369369e+07	-1.64965592250625e-01,9.81611320512054e-01
8.69969969969970e+07	-1.61881303312749e-01,9.82109023814551e-01
8.70570570570571e+07	-1.58795463986984e-01,9.82597040787917e-01
8.71171171171171e+07	-1.55708104641926e-01,9.83075366595586e-01
8.71771771771772e+07	-1.52619255661534e-01,9.83543996495929e-01
8.72372372372372e+07	-1.49528947444428e-01,9.84002925842259e-01
8.72972972972973e+07	-1.46437210403996e-01,9.84452150082926e-01
8.73573573573574e+07	-1.43344074967907e-01,9.84891664761249e-01
8.74174174174174e+07	-1.40249571577748e-01,9.85321465515628e-01
8.74774774774775e+07	-1.37153730688941e-01,9.85741548079665e-01
8.75375375375375e+07	-1.34056582770192e-01,9.86151908282153e-01
8.75975975975976e+07	-1.30958158303500e-01,9.86552542046942e-01
8.76576576576577e+07	-1.27858487783546e-01,9.86943445393309e-01
8.77177177177177e+07	-1.24757601717553e-01,9.87324614435811e-01
8.77777777777778e+07	-1.21655530625088e-01,9.87696045384267e-01
8.78378378378378e+07	-1.18552305037512e-01,9.88057734543900e-01
8.78978978978979e+07	-1.15447955497968e-01,9.88409678315399e-01
8.79579579579580e+07	-1.12342512560807e-01,9.88751873194925e-01
8.80180180180180e+07	-1.09236006791575e-01,9.89084315774042e-01
8.80780780780781e+07	-1.06128468766383e-01,9.89407002739914e-01
8.81381381381381e+07	-1.03019929071984e-01,9.89719930875265e-01
8.81981981981982e+07	-9.99104183051895e-02,9.90023097058361e-01
8.82582582582583e+07	-9.67999670727071e-02,9.90316498263193e-01
8.83183183183183e+07	-9.36886059908251e-02,9.90600131559328e-01
8.83783783783784e+07	-9.05763656849335e-02,9.90873994112113e-01
8.84384384384384e+07	-8.74632767896670e-02,9.91138083182578e-01
8.84984984984985e+07	-8.43493699480640e-02,9.91392396127440e-01
8.85585585585586e+07	-8.12346758117113e-02,9.91636930399307e-01
8.86186186186186e+07	-7.81192250402463e-02,9.91871683546587e-01
8.86786786786787e+07	-7.50030483010036e-02,9.92096653213449e-01
8.87387387387387e+07	-7.18861762688433e-02,9.92311837139978e-01
8.87987987987988e+07	-6.87686396258756e-02,9.92517233162200e-01
8.88588588588589e+07	-6.56504690609463e-02,9.92712839211886e-01
8.89189189189189e+07	-6.25316952695798e-02,9.92898653316967e-01
8.89789789789790e+07	-5.94123489536072e-02,9.93074673601147e-01
8.90390390390390e+07	-5.62924608207980e-02,9.93240898284197e-01
8.90990990990991e+07	-5.31720615846417e-02,9.93397325681849e-01
8.91591591591592e+07	-5.00511819639523e-02,9.93543954205922e-01
8.92192192192192e+07	-4.69298526827177e-02,9.93680782364162e-01
8.92792792792793e+07	-4.38081044697256e-02,9.93807808760481e-01
8.93393393393393e+07	-4.06859680581371e-02,9.93925032094768e-01
8.93993993993994e+07	-3.75634741855303e-02,9.94032451163054e-01
8.94594594594595e+07	-3.44406535930448e-02,9.94130064857469e-01
8.95195195195195e+07	-3.13175370257673e-02,9.94217872166183e-01
8.95795795795796e+07	-2.81941552318841e-02,9.94295872173631e-01
8.96396396396396e+07	-2.50705389626398e-02,9.94364064060297e-01
8.96996996996997e+07	-2.19467189719126e-02,9.94422447102797e-01
8.97597597597598e+07	-1.88227260161861e-02,9.94471020673971e-01
8.98198198198198e+07	-1.56985908536664e-02,9.94509784242747e-01
8.98798798798799e+07	-1.25743442447722e-02,9.94538737374349e-01
8.99399399399399e+07	-9.45001695113097e-03,9.94557879730048e-01
9.00000000000000e+07	-6.32563973582065e-03,9.94567211067461e-01
9.00600600600601e+07	-3.20124336258980e-03,9.94566731240204e-01
9.01201201201201e+07	-7.68585959513738e-05,9.94556440198302e-01
9.01801801801802e+07	3.04748379943797e-03,9.94536337987846e-01
9.02402402402402e+07	6.17175305865720e-03,9.94506424751240e-01
9.03003003003003e+07	9.29591841733290e-03,9.94466700726926e-01
9.03603603603604e+07	1.24199491115939e-02,9.94417166249798e-01
9.04204204204204e+07	1.55438143783981e-02,9.94357821750718e-01
9.04804804804805e+07	1.86674834559229e-02,9.94288667756911e-01
9.05405405405405e+07	2.17909255839013e-02,9.94209704891806e-01
9.06006006006006e+07	2.49141100038301e-02,9.94120933874948e-01
9.06606606606607e+07	2.80370059592651e-02,9.94022355522147e-01
9.07207207207207e+07	3.11595826961557e-02,9.93913970745382e-01
9.07807807807808e+07	3.42818094631833e-02,9.93795780552864e-01
9.08408408408408e+07	3.74036555120099e-02,9.93667786048974e-01
9.09009009009009e+07	4.05250900975000e-02,9.93529988434195e-01
9.09609609609610e+07	4.36460824781964e-02,9.93382389005260e-01
9.10210210210210e+07	4.67666019165178e-02,9.93224989155048e-01
9.10810810810811e+07	4.98866176790617e-02,9.93057790372519e-01
9.11411411411411e+07	5.30060990368403e-02,9.92880794242979e-01
9.12012012012012e+07	5.61250152658294e-02,9.92694002447535e-01
9.12612612612613e+07	5.92433356469283e-02,9.92497416763652e-01
9.13213213213213e+07	6.23610294664564e-02,9.92291039064860e-01
9.13813813813814e+07	6.54780660164467e-02,9.92074871320624e-01
9.14414414414414e+07	6.85944145948726e-02,9.91848915596704e-01
9.15015015015015e+07	7.17100445060974e-02,9.91613174054680e-01
9.15615615615616e+07	7.48249250609486e-02,9.91367648952353e-01
9.16216216216216e+07	7.79390255771230e-02,9.91112342643412e-01
9.16816816816817e+07	8.10523153796778e-02,9.90847257577582e-01
9.17417417417417e+07	8.41647638008606e-02,9.90572396300626e-01
9.18018018018018e+07	8.72763401809789e-02,9.90287761454128e-01
9.18618618618619e+07	9.03870138683181e-02,9.89993355775721e-01
9.19219219219219e+07	9.34967542194436e-02,9.89689182098889e-01
9.19819819819820e+07	9.66055305997267e-02,9.89375243352994e-01
9.20420420420420e+07	9.97133123834213e-02,9.89051542563318e-01
9.21021021021021e+07	1.02820068954103e-01,9.88718082850880e-01
9.21621621621622e+07	1.05925769704996e-01,9.88374867432563e-01
9.22222222222222e+07	1.09030384039024e-01,9.88021899621024e-01
9.22822822822823e+07	1.12133881369402e-01,9.87659182824660e-01
9.23423423423423e+07	1.15236231119804e-01,9.87286720547577e-01
9.24024024024024e+07	1.18337402724535e-01,9.86904516389598e-01
9.24624624624625e+07	1.21437365629243e-01,9.86512574046176e-01
9.25225225225225e+07	1.24536089290651e-01,9.86110897308349e-01
9.25825825825826e+07	1.27633543177378e-01,9.85699490062886e-01
9.26426426426426e+07	1.30729696769801e-01,9.85278356291907e-01
9.27027027027027e+07	1.33824519560706e-01,9.84847500073279e-01
9.27627627627628e+07	1.36917981055329e-01,9.84406925580128e-01
9.28228228228228e+07	1.40010050771761e-01,9.83956637081226e-01
9.28828828828829e+07	1.43100698241410e-01,9.83496638940589e-01
9.29429429429429e+07	1.46189893008923e-01,9.83026935617749e-01
9.30030030030030e+07	1.49277604632859e-01,9.82547531667448e-01
9.30630630630631e+07	1.52363802685616e-01,9.82058431739777e-01
9.31231231231231e+07	1.55448456754224e-01,9.81559640580088e-01
9.31831831831832e+07	1.58531536440107e-01,9.81051163028907e-01
9.32432432432432e+07	1.61613011359634e-01,9.80533004021922e-01
9.33033033033033e+07	1.64692851144628e-01,9.80005168589964e-01
9.33633633633634e+07	1.67771025442192e-01,9.79467661858919e-01
9.34234234234234e+07	1.70847503915349e-01,9.78920489049694e-01
9.34834834834835e+07	1.73922256243368e-01,9.78363655478190e-01
9.35435435435435e+07	1.76995252121672e-01,9.77797166555188e-01
9.36036036036036e+07	1.80066461262615e-01,9.77221027786450e-01
9.36636636636637e+07	1.83135853395493e-01,9.76635244772442e-01
9.37237237237237e+07	1.86203398266918e-01,9.76039823208542e-01
9.37837837837838e+07	1.89269065641123e-01,9.75434768884723e-01
9.38438438438438e+07	1.92332825300179e-01,9.74820087685779e-01
9.39039039039039e+07	1.95394647044430e-01,9.74195785590938e-01
9.39639639639640e+07	1.98454500692645e-01,9.73561868674226e-01
9.40240240240240e+07	2.01512356082338e-01,9.72918343103973e-01
9.40840840840841e+07	2.04568183070240e-01,9.72265215143023e-01
9.41441441441441e+07	2.07621951532427e-01,9.71602491148783e-01
9.42042042042042e+07	2.10673631364551e-01,9.70930177572703e-01
9.42642642642643e+07	2.13723192482231e-01,9.70248280960740e-01
9.43243243243243e+07	2.16770604821512e-01,9.69556807953002e-01
9.43843843843844e+07	2.19815838338868e-01,9.68855765283772e-01
9.44444444444444e+07	2.22858863011497e-01,9.68145159781358e-01
9.45045045045045e+07	2.25899648838082e-01,9.67424998368148e-01
9.45645645645646e+07	2.28938165838386e-01,9.66695288060556e-01
9.46246246246246e+07	2.31974384054051e-01,9.65956035968823e-01
9.46846846846847e+07	2.35008273548911e-01,9.65207249297078e-01
9.47447447447447e+07	2.38039804408746e-01,9.64448935343216e-01
9.48048048048048e+07	2.41068946742187e-01,9.63681101498741e-01
9.48648648648649e+07	2.44095670680821e-01,9.62903755248979e-01
9.49249249249249e+07	2.47119946379245e-01,9.62116904172654e-01
9.49849849849850e+07	2.50141744015682e-01,9.61320555942091e-01
9.50450450450450e+07	2.53161033792077e-01,9.60514718323003e-01
9.51051051051051e+07	2.56177785934449e-01,9.59699399174427e-01
9.51651651651652e+07	2.59191970693185e-01,9.58874606448827e-01
9.52252252252252e+07	2.62203558343370e-01,9.58040348191599e-01
9.52852852852853e+07	2.65212519184894e-01,9.57196632541584e-01
9.53453453453453e+07	2.68218823543112e-01,9.56343467730464e-01
9.54054054054054e+07	2.71222441768734e-01,9.55480862082935e-01
9.54654654654655e+07	2.74223344238295e-01,9.54608824016716e-01
9.55255255255255e+07	2.77221501354504e-01,9.53727362042280e-01
9.55855855855856e+07	2.80216883546457e-01,9.52836484762709e-01
9.56456456456456e+07	2.83209461269926e-01,9.51936200873955e-01
9.57057057057057e+07	2.86199205007668e-01,9.51026519164556e-01
9.57657657657658e+07	2.89186085269729e-01,9.50107448515322e-01
9.58258258258258e+07	2.92170072593698e-01,9.49178997899714e-01
9.58858858858859e+07	2.95151137544925e-01,9.48241176383446e-01
9.59459459459459e+07	2.98129250717059e-01,9.47293993124486e-01
9.60060060060060e+07	3.01104382732124e-01,9.46337457372931e-01
9.60660660660661e+07	3.04076504240724e-01,9.45371578471021e-01
9.61261261261261e+07	3.07045585922695e-01,9.44396365852942e-01
9.61861861861862e+07	3.10011598486901e-01,9.43411829044807e-01
9.62462462462462e+07	3.12974512672077e-01,9.42417977664540e-01
9.63063063063063e+07	3.15934299246592e-01,9.41414821421781e-01
9.63663663663664e+07	3.18890929008978e-01,9.40402370117816e-01
9.64264264264264e+07	3.21844372788356e-01,9.39380633645469e-01
9.64864864864865e+07	3.24794601444461e-01,9.38349621988959e-01
9.65465465465465e+07	3.27741585868086e-01,9.37309345223921e-01
9.66066066066066e+07	3.30685296981327e-01,9.36259813517305e-01
9.66666666666667e+07	3.33625705737750e-01,9.35201037127066e-01
9.67267267267267e+07	3.36562783122964e-01,9.34133026402379e-01
9.67867867867868e+07	3.39496500154618e-01,9.33055791783252e-01
9.68468468468468e+07	3.42426827882771e-01,9.31969343800762e-01
9.69069069069069e+07	3.45353737390345e-01,9.30873693076534e-01
9.69669669669670e+07	3.48277199793168e-01,9.29768850322985e-01
9.70270270270270e+07	3.51197186240326e-01,9.28654826343135e-01
9.70870870870871e+07	3.54113667914634e-01,9.27531632030444e-01
9.71471471471471e+07	3.57026616032562e-01,9.26399278368606e-01
9.72072072072072e+07	3.59936001844898e-01,9.25257776431830e-01
9.72672672672673e+07	3.62841796636780e-01,9.24107137384326e-01
9.73273273273273e+07	3.65743971728017e-01,9.22947372480365e-01
9.73873873873874e+07	3.68642498473463e-01,9.21778493064178e-01
9.74474474474474e+07	3.71537348263261e-01,9.20600510569954e-01
9.75075075075075e+07	3.74428492523003e-01,9.19413436521391e-01
9.75675675675676e+07	3.77315902714274e-01,9.18217282531992e-01
9.76276276276276e+07	3.80199550334577e-01,9.17012060304732e-01
9.76876876876877e+07	3.83079406917962e-01,9.15797781631954e-01
9.77477477477477e+07	3.85955444035186e-01,9.14574458395315e-01
9.78078078078078e+07	3.88827633293892e-01,9.13342102565717e-01
9.78678678678679e+07	3.91695946338793e-01,9.12100726203018e-01
9.79279279279279e+07	3.94560354852379e-01,9.10850341456098e-01
9.79879879879880e+07	3.97420830554861e-01,9.09590960562656e-01
9.80480480480480e+07	4.00277345204490e-01,9.08322595849119e-01
9.81081081081081e+07	4.03129870597816e-01,9.07045259730540e-01
9.81681681681682e+07	4.05978378570085e-01,9.05758964710453e-01
9.82282282282282e+07	4.08822840995447e-01,9.04463723380736e-01
9.82882882882883e+07	4.11663229787243e-01,9.03159548421468e-01
9.83483483483483e+07	4.14499516898258e-01,9.01846452601039e-01
9.84084084084084e+07	4.17331674320964e-01,9.00524448775732e-01
9.84684684684685e+07	4.20159674087896e-01,8.99193549889624e-01
9.85285285285285e+07	4.22983488271880e-01,8.97853768974768e-01
9.85885885885886e+07	4.25803088986364e-01,8.96505119150686e-01
9.86486486486486e+07	4.28618448385415e-01,8.95147613624464e-01
9.87087087087087e+07	4.31429538664479e-01,8.93781265690668e-01
9.87687687687688e+07	4.34236332060250e-01,8.92406088731014e-01
9.88288288288288e+07	4.37038800851115e-01,8.91022096214380e-01
9.88888888888889e+07	4.39836917357381e-01,8.89629301696695e-01
9.89489489489489e+07	4.42630653941557e-01,8.88227718820717e-01
9.90090090090090e+07	4.45419983008701e-01,8.86817361316074e-01
9.90690690690691e+07	4.48204877006465e-01,8.85398242998842e-01
9.91291291291291e+07	4.50985308425689e-01,8.83970377771738e-01
9.91891891891892e+07	4.53761249800430e-01,8.82533779623687e-01
9.92492492492492e+07	4.56532673708415e-01,8.81088462630079e-01
9.93093093093093e+07	4.59299552771001e-01,8.79634440952066e-01
9.93693693693694e+07	4.62061859653840e-01,8.78171728837044e-01
9.94294294294294e+07	4.64819567066899e-01,8.76700340618070e-01
9.94894894894895e+07	4.67572647764761e-01,8.75220290713990e-01
9.95495495495495e+07	4.70321074546982e-01,8.73731593629102e-01
9.96096096096096e+07	4.73064820258290e-01,8.72234263953130e-01
9.96696696696697e+07	4.75803857788870e-01,8.70728316361066e-01
9.97297297297297e+07	4.78538160074573e-01,8.69213765613133e-01
9.97897897897898e+07	4.81267700097313e-01,8.67690626554454e-01
9.98498498498498e+07	4.83992450885152e-01,8.66158914114912e-01
9.99099099099099e+07	4.86712385512922e-01,8.64618643309311e-01
9.99699699699700e+07	4.89427477101918e-01,8.63069829236808e-01
1.00030030030030e+08	4.92137698820764e-01,8.61512487081133e-01
1.00090090090090e+08	4.94843023885174e-01,8.59946632110151e-01
1.00150150150150e+08	4.97543425558696e-01,8.58372279675954e-01
1.00210210210210e+08	5.00238877152396e-01,8.56789445214625e-01
1.00270270270270e+08	5.02929352025813e-01,8.55198144245975e-01
1.00330330330330e+08	5.05614823586697e-01,8.53598392373613e-01
1.00390390390390e+08	5.08295265291387e-01,8.51990205284601e-01
1.00450450450450e+08	5.10970650645212e-01,8.50373598749413e-01
1.00510510510511e+08	5.13640953202598e-01,8.48748588621818e-01
1.00570570570571e+08	5.16306146567473e-01,8.47115190838558e-01
1.00630630630631e+08	5.18966204393420e-01,8.45473421419390e-01
1.00690690690691e+08	5.21621100383924e-01,8.43823296466772e-01
1.00750750750751e+08	5.24270808292745e-01,8.42164832165922e-01
1.00810810810811e+08	5.26915301924105e-01,8.40498044784368e-01
1.00870870870871e+08	5.29554555132909e-01,8.38822950672027e-01
1.00930930930931e+08	5.32188541825139e-01,8.37139566261003e-01
1.00990990990991e+08	5.34817235957922e-01,8.35447908065311e-01
1.01051051051051e+08	5.37440611539896e-01,8.33747992680912e-01
1.01111111111111e+08	5.40058642631570e-01,8.32039836785358e-01
1.01171171171171e+08	5.42671303345400e-01,8.30323457137813e-01
1.01231231231231e+08	5.45278567846081e-01,8.28598870578627e-01
1.01291291291291e+08	5.47880410350853e-01,8.26866094029609e-01
1.01351351351351e+08	5.50476805129822e-01,8.25125144493376e-01
1.01411411411411e+08	5.53067726505996e-01,8.23376039053566e-01
1.01471471471471e+08	5.55653148855917e-01,8.21618794874481e-01
1.01531531531532e+08	5.58233046609349e-01,8.19853429200920e-01
1.01591591591592e+08	5.60807394250211e-01,8.18079959358120e-01
1.01651651651652e+08	5.63376166316192e-01,8.16298402751538e-01
1.01711711711712e+08	5.65939337399468e-01,8.14508776866639e-01
1.01771771771772e+08	5.68496882146647e-01,8.12711099268801e-01
1.01831831831832e+08	5.71048775259272e-01,8.10905387603127e-01
1.01891891891892e+08	5.73594991493957e-01,8.09091659594192e-01
1.01951951951952e+08	5.76135505662415e-01,8.07269933046003e-01
1.02012012012012e+08	5.78670292632262e-01,8.05440225841743e-01
1.02072072072072e+08	5.81199327326614e-01,8.03602555943679e-01
1.02132132132132e+08	5.83722584724912e-01,8.01756941392780e-01
1.02192192192192e+08	5.86240039862710e-01,7.99903400308936e-01
1.02252252252252e+08	5.88751667832234e-01,7.98041950890333e-01
1.02312312312312e+08	5.91257443782487e-01,7.96172611413591e-01
1.02372372372372e+08	5.93757342919490e-01,7.94295400233479e-01
1.02432432432432e+08	5.96251340506701e-01,7.92410335782711e-01
1.02492492492492e+08	5.98739411864939e-01,7.90517436571858e-01
1.02552552552553e+08	6.01221532372956e-01,7.88616721189093e-01
1.02612612612613e+08	6.03697677467450e-01,7.86708208300013e-01
1.02672672672673e+08	6.06167822643485e-01,7.84791916647473e-01
1.02732732732733e+08	6.08631943454529e-01,7.82867865051556e-01
1.02792792792793e+08	6.11090015513011e-01,7.80936072409019e-01
1.02852852852853e+08	6.13542014490188e-01,7.78996557693554e-01
1.02912912912913e+08	6.15987916116674e-01,7.77049339955237e-01
1.02972972972973e+08	6.18427696182485e-01,7.75094438320596e-01
1.03033033033033e+08	6.20861330537528e-01,7.73131871992367e-01
1.03093093093093e+08	6.23288795091589e-01,7.71161660249061e-01
1.03153153153153e+08	6.25710065814565e-01,7.69183822445317e-01
1.03213213213213e+08	6.28125118737013e-01,7.67198378011065e-01
1.03273273273273e+08	6.30533929950092e-01,7.65205346451902e-01
1.03333333333333e+08	6.32936475605740e-01,7.63204747348587e-01
1.03393393393393e+08	6.35332731917390e-01,7.61196600356905e-01
1.03453453453453e+08	6.37722675159610e-01,7.59180925207458e-01
1.03513513513514e+08	6.40106281668701e-01,7.57157741705687e-01
1.03573573573574e+08	6.42483527842917e-01,7.55127069731374e-01
1.03633633633634e+08	6.44854390142503e-01,7.53088929238602e-01
1.03693693693694e+08	6.47218845090060e-01,7.51043340255582e-01
1.03753753753754e+08	6.49576869270894e-01,7.48990322884395e-01
1.03813813813814e+08	6.51928439333016e-01,7.46929897300930e-01
1.03873873873874e+08	6.54273531987466e-01,7.44862083754444e-01
1.03933933933934e+08	6.56612124008710e-01,7.42786902567656e-01
1.03993993993994e+08	6.58944192234463e-01,7.40704374136275e-01
1.04054054054054e+08	6.61269713566575e-01,7.38614518929026e-01
1.04114114114114e+08	6.63588664970440e-01,7.36517357487352e-01
1.04174174174174e+08	6.65901023476042e-01,7.34412910425129e-01
1.04234234234234e+08	6.68206766177396e-01,7.32301198428760e-01
1.04294294294294e+08	6.70505870233549e-01,7.30182242256562e-01
1.04354354354354e+08	6.72798312868327e-01,7.28056062738905e-01
1.04414414414414e+08	6.75084071370516e-01,7.25922680777845e-01
1.04474474474474e+08	6.77363123094391e-01,7.23782117347015e-01
1.04534534534535e+08	6.79635445459751e-01,7.21634393491307e-01
1.04594594594595e+08	6.81901015952233e-01,7.19479530326797e-01
1.04654654654655e+08	6.84159812123455e-01,7.17317549040408e-01
1.04714714714715e+08	6.86411811591274e-01,7.15148470889773e-01
1.04774774774775e+08	6.88656992040136e-01,7.12972317203094e-01
1.04834834834835e+08	6.90895331220860e-01,7.10789109378819e-01
1.04894894894895e+08	6.93126806951545e-01,7.08598868885523e-01
1.04954954954955e+08	6.95351397117170e-01,7.06401617261662e-01
1.05015015015015e+08	6.97569079670314e-01,7.04197376115329e-01
1.05075075075075e+08	6.99779832630853e-01,7.01986167124067e-01
1.05135135135135e+08	7.01983634086673e-01,6.99768012034755e-01
1.05195195195195e+08	7.04180462193466e-01,6.97542932663231e-01
1.05255255255255e+08	7.06370295175431e-01,6.95310950894240e-01
1.05315315315315e+08	7.08553111324962e-01,6.93072088681102e-01
1.05375375375375e+08	7.10728889003280e-01,6.90826368045552e-01
1.05435435435435e+08	7.12897606640487e-01,6.88573811077538e-01
1.05495495495495e+08	7.15059242735686e-01,6.86314439934918e-01
1.05555555555556e+08	7.17213775857304e-01,6.84048276843446e-01
1.05615615615616e+08	7.19361184643509e-01,6.81775344096293e-01
1.05675675675676e+08	7.21501447801909e-01,6.79495664054037e-01
1.05735735735736e+08	7.23634544110256e-01,6.77209259144363e-01
1.05795795795796e+08	7.25760452416420e-01,6.74916151861868e-01
1.05855855855856e+08	7.27879151638682e-01,6.72616364767783e-01
1.05915915915916e+08	7.29990620765865e-01,6.70309920489838e-01
1.05975975975976e+08	7.32094838857692e-01,6.67996841722034e-01
1.06036036036036e+08	7.34191785044798e-01,6.65677151224256e-01
1.06096096096096e+08	7.36281438529047e-01,6.63350871822352e-01
1.06156156156156e+08	7.38363778583906e-01,6.61018026407735e-01
1.06216216216216e+08	7.40438784554170e-01,6.58678637937054e-01
1.06276276276276e+08	7.42506435856786e-01,6.56332729432188e-01
1.06336336336336e+08	7.44566711980549e-01,6.53980323979924e-01
1.06396396396396e+08	7.46619592486591e-01,6.51621444731717e-01
1.06456456456456e+08	7.48665057008581e-01,6.49256114903475e-01
1.06516516516517e+08	7.50703085252676e-01,6.46884357775308e-01
1.06576576576577e+08	7.52733656998175e-01,6.44506196691411e-01
1.06636636636637e+08	7.54756752097107e-01,6.42121655059755e-01
1.06696696696697e+08	7.56772350475097e-01,6.39730756351794e-01
1.06756756756757e+08	7.58780432131020e-01,6.37333524102363e-01
1.06816816816817e+08	7.60780977137537e-01,6.34929981909422e-01
1.06876876876877e+08	7.62773965641321e-01,6.32520153433684e-01
1.06936936936937e+08	7.64759377862838e-01,6.30104062398654e-01
1.06996996996997e+08	7.66737194097000e-01,6.27681732590107e-01
1.07057057057057e+08	7.68707394713191e-01,6.25253187856080e-01
1.07117117117117e+08	7.70669960155417e-01,6.22818452106554e-01
1.07177177177177e+08	7.72624870942656e-01,6.20377549313146e-01
1.07237237237237e+08	7.74572107668844e-01,6.17930503509045e-01
1.07297297297297e+08	7.76511651003224e-01,6.15477338788580e-01
1.07357357357357e+08	7.78443481690551e-01,6.13018079307247e-01
1.07417417417417e+08	7.80367580551050e-01,6.10552749281085e-01
1.07477477477477e+08	7.82283928480997e-01,6.08081372986910e-01
1.07537537537538e+08	7.84192506452671e-01,6.05603974761705e-01
1.07597597597598e+08	7.86093295514399e-01,6.03120579002512e-01
1.07657657657658e+08	7.87986276791218e-01,6.00631210166291e-01
1.07717717717718e+08	7.89871431484386e-01,5.98135892769422e-01
1.07777777777778e+08	7.91748740872274e-01,5.95634651387900e-01
1.07837837837838e+08	7.93618186310260e-01,5.93127510656520e-01
1.07897897897898e+08	7.95479749230666e-01,5.90614495269236e-01
1.07957957957958e+08	7.97333411143275e-01,5.88095629978412e-01
1.08018018018018e+08	7.99179153635497e-01,5.85570939594890e-01
1.08078078078078e+08	8.01016958372359e-01,5.83040448987663e-01
1.08138138138138e+08	8.02846807096932e-01,5.80504183083674e-01
1.08198198198198e+08	8.04668681630206e-01,5.77962166867366e-01
1.08258258258258e+08	8.06482563871638e-01,5.75414425380768e-01
1.08318318318318e+08	8.08288435799054e-01,5.72860983723010e-01
1.08378378378378e+08	8.10086279468986e-01,5.70301867050124e-01
1.08438438438438e+08	8.11876077016717e-01,5.67737100574873e-01
1.08498498498498e+08	8.13657810656567e-01,5.65166709566433e-01
1.08558558558559e+08	8.15431462682161e-01,5.62590719350160e-01
1.08618618618619e+08	8.17197015466366e-01,5.60009155307412e-01
1.08678678678679e+08	8.18954451461618e-01,5.57422042875106e-01
1.08738738738739e+08	8.20703753200095e-01,5.54829407545746e-01
1.08798798798799e+08	8.22444903293890e-01,5.52231274866994e-01
1.08858858858859e+08	8.24177884435063e-01,5.49627670441380e-01
1.08918918918919e+08	8.25902679396213e-01,5.47018619926249e-01
1.08978978978979e+08	8.27619271030018e-01,5.44404149033320e-01
1.09039039039039e+08	8.29327642269932e-01,5.41784283528509e-01
1.09099099099099e+08	8.31027776130210e-01,5.39159049231692e-01
1.09159159159159e+08	8.32719655706000e-01,5.36528472016430e-01
1.09219219219219e+08	8.34403264173524e-01,5.33892577809719e-01
1.09279279279279e+08	8.36078584790347e-01,5.31251392591775e-01
1.09339339339339e+08	8.37745600895511e-01,5.28604942395664e-01
1.09399399399399e+08	8.39404295909599e-01,5.25953253307257e-01
1.09459459459459e+08	8.41054653334953e-01,5.23296351464638e-01
1.09519519519520e+08	8.42696656756165e-01,5.20634263058326e-01
1.09579579579580e+08	8.44330289839595e-01,5.17967014330481e-01
1.09639639639640e+08	8.45955536334061e-01,5.15294631575118e-01
1.09699699699700e+08	8.47572380070820e-01,5.12617141137536e-01
1.09759759759760e+08	8.49180804963736e-01,5.09934569414236e-01
1.09819819819820e+08	8.50780795009447e-01,5.07246942852536e-01
1.09879879879880e+08	8.52372334287576e-01,5.04554287950389e-01
1.09939939939940e+08	8.53955406960858e-01,5.01856631256177e-01
1.10000000000000e+08	8.55529997275253e-01,4.99153999368276e-01
1.10060060060060e+08	8.57096089560068e-01,4.96446418934955e-01
1.10120120120120e+08	8.58653668228363e-01,4.93733916654114e-01
1.10180180180180e+08	8.60202717776854e-01,4.91016519272868e-01
1.10240240240240e+08	8.61743222786173e-01,4.88294253587415e-01
1.10300300300300e+08	8.63275167920977e-01,4.85567146442817e-01
1.10360360360360e+08	8.64798537930232e-01,4.82835224732621e-01
1.10420420420420e+08	8.66313317647123e-01,4.80098515398600e-01
1.10480480480480e+08	8.67819491989561e-01,4.77357045430565e-01
1.10540540540541e+08	8.69317045959895e-01,4.74610841866090e-01
1.10600600600601e+08	8.70805964645427e-01,4.71859931790187e-01
1.10660660660661e+08	8.72286233218549e-01,4.69104342335078e-01
1.10720720720721e+08	8.73757836936576e-01,4.66344100679968e-01
1.10780780780781e+08	8.75220761142241e-01,4.63579234050632e-01
1.10840840840841e+08	8.76674991263681e-01,4.60809769719373e-01
1.10900900900901e+08	8.78120512814503e-01,4.58035735004593e-01
1.10960960960961e+08	8.79557311394303e-01,4.55257157270534e-01
1.11021021021021e+08	8.80985372688210e-01,4.52474063927136e-01
1.11081081081081e+08	8.82404682467667e-01,4.49686482429497e-01
1.11141141141141e+08	8.83815226590102e-01,4.46894440277929e-01
1.11201201201201e+08	8.85216990999382e-01,4.44097965017496e-01
1.11261261261261e+08	8.86609961725662e-01,4.41297084237812e-01
1.11321321321321e+08	8.87994124885875e-01,4.38491825572733e-01
1.11381381381381e+08	8.89369466683536e-01,4.35682216700053e-01
1.11441441441441e+08	8.90735973409175e-01,4.32868285341307e-01
1.11501501501502e+08	8.92093631440116e-01,4.30050059261547e-01
1.11561561561562e+08	8.93442427241181e-01,4.27227566268850e-01
1.11621621621622e+08	8.94782347364108e-01,4.24400834214295e-01
1.11681681681682e+08	8.96113378448418e-01,4.21569890991505e-01
1.11741741741742e+08	8.97435507220917e-01,4.18734764536526e-01
1.11801801801802e+08	8.98748720496279e-01,4.15895482827430e-01
1.11861861861862e+08	9.00053005177015e-01,4.13052073884100e-01
1.11921921921922e+08	9.01348348253501e-01,4.10204565767922e-01
1.11981981981982e+08	9.02634736804327e-01,4.07352986581540e-01
1.12042042042042e+08	9.03912157996209e-01,4.04497364468573e-01
1.12102102102102e+08	9.05180599084345e-01,4.01637727613339e-01
1.12162162162162e+08	9.06440047412413e-01,3.98774104240555e-01
1.12222222222222e+08	9.07690490412707e-01,3.95906522615035e-01
1.12282282282282e+08	9.08931915606179e-01,3.93035011041597e-01
1.12342342342342e+08	9.10164310602828e-01,3.90159597864443e-01
1.12402402402402e+08	9.11387663101602e-01,3.87280311467252e-01
1.12462462462462e+08	9.12601960890615e-01,3.84397180272613e-01
1.12522522522523e+08	9.13807191847127e-01,3.81510232741894e-01
1.12582582582583e+08	9.15003343937884e-01,3.78619497374993e-01
1.12642642642643e+08	9.16190405219218e-01,3.75725002709882e-01
1.12702702702703e+08	9.17368363836964e-01,3.72826777322489e-01
1.12762762762763e+08	9.18537208026698e-01,3.69924849826382e-01
1.12822822822823e+08	9.19696926114056e-01,3.67019248872437e-01
1.12882882882883e+08	9.20847506514533e-01,3.64110003148620e-01
1.12942942942943e+08	9.21988937733727e-01,3.61197141379613e-01
1.13003003003003e+08	9.23121208367531e-01,3.58280692326669e-01
1.13063063063063e+08	9.24244307102146e-01,3.55360684787208e-01
1.13123123123123e+08	9.25358222714323e-01,3.52437147594558e-01
1.13183183183183e+08	9.26462944071336e-01,3.49510109617746e-01
1.13243243243243e+08	9.27558460131104e-01,3.46579599761104e-01
1.13303303303303e+08	9.28644759942529e-01,3.43645646964066e-01
1.13363363363363e+08	9.29721832645208e-01,3.40708280200838e-01
1.13423423423423e+08	9.30789667470007e-01,3.37767528480152e-01
1.13483483483483e+08	9.31848253738755e-01,3.34823420844911e-01
1.13543543543544e+08	9.32897580864707e-01,3.31875986372010e-01
1.13603603603604e+08	9.33937638352316e-01,3.28925254171936e-01
1.13663663663664e+08	9.34968415797667e-01,3.25971253388571e-01
1.13723723723724e+08	9.35989902888323e-01,3.23014013198832e-01
1.13783783783784e+08	9.37002089403623e-01,3.20053562812435e-01
1.13843843843844e+08	9.38004965214659e-01,3.17089931471605e-01
1.13903903903904e+08	9.38998520284388e-01,3.14123148450748e-01
1.13963963963964e+08	9.39982744667855e-01,3.11153243056199e-01
1.14024024024024e+08	9.40957628512103e-01,3.08180244625922e-01
1.14084084084084e+08	9.41923162056488e-01,3.05204182529199e-01
1.14144144144144e+08	9.42879335632795e-01,3.02225086166401e-01
1.14204204204204e+08	9.43826139664810e-01,2.99242984968616e-01
1.14264264264264e+08	9.44763564669273e-01,2.96257908397438e-01
1.14324324324324e+08	9.45691601255316e-01,2.93269885944598e-01
1.14384384384384e+08	9.46610240124820e-01,2.90278947131758e-01
1.14444444444444e+08	9.47519472072496e-01,2.87285121510133e-01
1.14504504504505e+08	9.48419287985888e-01,2.84288438660259e-01
1.14564564564565e+08	9.49309678845578e-01,2.81288928191709e-01
1.14624624624625e+08	9.50190635725286e-01,2.78286619742738e-01
1.14684684684685e+08	9.51062149791843e-01,2.75281542980040e-01
1.14744744744745e+08	9.51924212305365e-01,2.72273727598417e-01
1.14804804804805e+08	9.52776814619383e-01,2.69263203320592e-01
1.14864864864865e+08	9.53619948180834e-01,2.66249999896746e-01
1.14924924924925e+08	9.54453604530215e-01,2.63234147104338e-01
1.14984984984985e+08	9.55277775301654e-01,2.60215674747811e-01
1.15045045045045e+08	9.56092452223048e-01,2.57194612658253e-01
1.15105105105105e+08	9.56897627115947e-01,2.54170990693113e-01
1.15165165165165e+08	9.57693291895986e-01,2.51144838735957e-01
1.15225225225225e+08	9.58479438572681e-01,2.48116186696047e-01
1.15285285285285e+08	9.59256059249593e-01,2.45085064508224e-01
1.15345345345345e+08	9.60023146124528e-01,2.42051502132444e-01
1.15405405405405e+08	9.60780691489378e-01,2.39015529553593e-01
1.15465465465465e+08	9.61528687730431e-01,2.35977176781150e-01
1.15525525525526e+08	9.62267127328348e-01,2.32936473848849e-01
1.15585585585586e+08	9.62996002858217e-01,2.29893450814506e-01
1.15645645645646e+08	9.63715306989779e-01,2.26848137759537e-01
1.15705705705706e+08	9.64425032487267e-01,2.23800564788873e-01
1.15765765765766e+08	9.65125172209622e-01,2.20750762030483e-01
1.15825825825826e+08	9.65815719110664e-01,2.17698759635158e-01
1.15885885885886e+08	9.66496666238954e-01,2.14644587776210e-01
1.15945945945946e+08	9.67168006738054e-01,2.11588276649169e-01
1.16006006006006e+08	9.67829733846481e-01,2.08529856471477e-01
1.16066066066066e+08	9.68481840897748e-01,2.05469357482178e-01
1.16126126126126e+08	9.69124321320638e-01,2.02406809941630e-01
1.16186186186186e+08	9.69757168639089e-01,1.99342244131252e-01
1.16246246246246e+08	9.70380376472183e-01,1.96275690353130e-01
1.16306306306306e+08	9.70993938534542e-01,1.93207178929796e-01
1.16366366366366e+08	9.71597848636085e-01,1.90136740203878e-01
1.16426426426426e+08	9.72192100682252e-01,1.87064404537824e-01
1.16486486486486e+08	9.72776688673967e-01,1.83990202313641e-01
1.16546546546547e+08	9.73351606707747e-01,1.80914163932492e-01
1.16606606606607e+08	9.73916848975855e-01,1.77836319814474e-01
1.16666666666667e+08	9.74472409766240e-01,1.74756700398320e-01
1.16726726726727e+08	9.75018283462665e-01,1.71675336141014e-01
1.16786786786787e+08	9.75554464544713e-01,1.68592257517647e-01
1.16846846846847e+08	9.76080947587859e-01,1.65507495020905e-01
1.16906906906907e+08	9.76597727263516e-01,1.62421079160983e-01
1.16966966966967e+08	9.77104798339236e-01,1.59333040465100e-01
1.17027027027027e+08	9.77602155678541e-01,1.56243409477311e-01
1.17087087087087e+08	9.78089794241173e-01,1.53152216758167e-01
1.17147147147147e+08	9.78567709083021e-01,1.50059492884406e-01
1.17207207207207e+08	9.79035895356154e-01,1.46965268448679e-01
1.17267267267267e+08	9.79494348309084e-01,1.43869574059178e-01
1.17327327327327e+08	9.79943063286524e-01,1.40772440339429e-01
1.17387387387387e+08	9.80382035729668e-01,1.37673897927913e-01
1.17447447447447e+08	9.80811261176136e-01,1.34573977477792e-01
1.17507507507508e+08	9.81230735260024e-01,1.31472709656630e-01
1.17567567567568e+08	9.81640453712060e-01,1.28370125145986e-01
1.17627627627628e+08	9.82040412359403e-01,1.25266254641260e-01
1.17687687687688e+08	9.82430607125988e-01,1.22161128851299e-01
1.17747747747748e+08	9.82811034032428e-01,1.19054778498058e-01
1.17807807807808e+08	9.83181689195970e-01,1.15947234316399e-01
1.17867867867868e+08	9.83542568830657e-01,1.12838527053679e-01
1.17927927927928e+08	9.83893669247404e-01,1.09728687469548e-01
1.17987987987988e+08	9.84234986853888e-01,1.06617746335555e-01
1.18048048048048e+08	9.84566518154724e-01,1.03505734434893e-01
1.18108108108108e+08	9.84888259751519e-01,1.00392682562059e-01
1.18168168168168e+08	9.85200208342698e-01,9.72786215226091e-02
1.18228228228228e+08	9.85502360723820e-01,9.41635821327704e-02
1.18288288288288e+08	9.85794713787508e-01,9.10475952191983e-02
1.18348348348348e+08	9.86077264523288e-01,8.79306916186415e-02
1.18408408408408e+08	9.86350010017900e-01,8.48129021776470e-02
1.18468468468468e+08	9.86612947455322e-01,8.16942577522457e-02
1.18528528528529e+08	9.86866074116553e-01,7.85747892076702e-02
1.18588588588589e+08	9.87109387379947e-01,7.54545274179835e-02
1.18648648648649e+08	9.87342884720928e-01,7.23335032658567e-02
1.18708708708709e+08	9.87566563712225e-01,6.92117476422189e-02
1.18768768768769e+08	9.87780422024043e-01,6.60892914459353e-02
1.18828828828829e+08	9.87984457423683e-01,6.29661655835171e-02
1.18888888888889e+08	9.88178667775933e-01,5.98424009688357e-02
1.18948948948949e+08	9.88363051042842e-01,5.67180285227902e-02
1.19009009009009e+08	9.88537605283970e-01,5.35930791729920e-02
1.19069069069069e+08	9.88702328656276e-01,5.04675838534847e-02
1.19129129129129e+08	9.88857219414145e-01,4.73415735044157e-02
1.19189189189189e+08	9.89002275909376e-01,4.42150790717352e-02
1.19249249249249e+08	9.89137496591333e-01,4.10881315068936e-02
1.19309309309309e+08	9.89262880006831e-01,3.79607617665304e-02
1.19369369369369e+08	9.89378424800331e-01,3.48330008121564e-02
1.19429429429429e+08	9.89484129713608e-01,3.17048796098546e-02
1.19489489489489e+08	9.89579993586220e-01,2.85764291299872e-02
1.19549549549550e+08	9.89666015355191e-01,2.54476803468556e-02
1.19609609609610e+08	9.89742194055135e-01,2.23186642384126e-02
1.19669669669670e+08	9.89808528818357e-01,1.91894117859540e-02
1.19729729729730e+08	9.89865018874689e-01,1.60599539738045e-02
1.19789789789790e+08	9.89911663551525e-01,1.29303217890219e-02
1.19849849849850e+08	9.89948462274035e-01,9.80054622106258e-03
1.19909909909910e+08	9.89975414565074e-01,6.67065826149927e-03
1.19969969969970e+08	9.89992520044987e-01,3.54068890369632e-03
1.20030030030030e+08	9.89999778431908e-01,4.10669142521032e-04
1.20090090090090e+08	9.89997189541541e-01,-2.71937002599324e-03
1.20150150150150e+08	9.89984753287396e-01,-5.84939760493875e-03
1.20210210210210e+08	9.89962469680598e-01,-8.97938259683558e-03
1.20270270270270e+08	9.89930338829901e-01,-1.21092940039539e-02
1.20330330330330e+08	9.89888360941895e-01,-1.52391008286163e-02
1.20390390390390e+08	9.89836536320689e-01,-1.83687720735086e-02
1.20450450450450e+08	9.89774865368219e-01,-2.14982767419860e-02
1.20510510510511e+08	9.89703348584089e-01,-2.46275838383828e-02
1.20570570570571e+08	9.89621986565575e-01,-2.77566623683227e-02
1.20630630630631e+08	9.89530780007643e-01,-3.08854813390288e-02
1.20690690690691e+08	9.89429729702836e-01,-3.40140097596203e-02
1.20750750750751e+08	9.89318836541622e-01,-3.71422166414427e-02
1.20810810810811e+08	9.89198101511970e-01,-4.02700709983576e-02
1.20870870870871e+08	9.89067525699569e-01,-4.33975418470574e-02
1.20930930930931e+08	9.88927110287772e-01,-4.65245982073820e-02
1.20990990990991e+08	9.88776856557569e-01,-4.96512091026100e-02
1.21051051051051e+08	9.88616765887660e-01,-5.27773435597867e-02
1.21111111111111e+08	9.88446839754347e-01,-5.59029706100226e-02
1.21171171171171e+08	9.88267079731535e-01,-5.90280592888064e-02
1.21231231231231e+08	9.88077487490725e-01,-6.21525786362950e-02
1.21291291291291e+08	9.87878064801153e-01,-6.52764976976589e-02
1.21351351351351e+08	9.87668813529493e-01,-6.83997855233563e-02
1.21411411411411e+08	9.87449735640035e-01,-7.15224111694567e-02
1.21471471471471e+08	9.87220833194810e-01,-7.46443436979613e-02
1.21531531531532e+08	9.86982108353035e-01,-7.77655521770729e-02
1.21591591591592e+08	9.86733563371720e-01,-8.08860056815536e-02
1.21651651651652e+08	9.86475200605424e-01,-8.40056732929976e-02
1.21711711711712e+08	9.86207022505934e-01,-8.71245241001507e-02
1.21771771771772e+08	9.85929031622738e-01,-9.02425271992253e-02
1.21831831831832e+08	9.85641230602643e-01,-9.33596516941928e-02
1.21891891891892e+08	9.85343622190010e-01,-9.64758666971189e-02
1.21951951951952e+08	9.85036209226352e-01,-9.95911413284291e-02
1.22012012012012e+08	9.84718994650853e-01,-1.02705444717262e-01
1.22072072072072e+08	9.84391981499881e-01,-1.05818746001754e-01
1.22132132132132e+08	9.84055172907132e-01,-1.08931014329347e-01
1.22192192192192e+08	9.83708572103552e-01,-1.12042218857097e-01
1.22252252252252e+08	9.83352182417577e-01,-1.15152328751991e-01
1.22312312312312e+08	9.82986007274568e-01,-1.18261313191246e-01
1.22372372372372e+08	9.82610050197313e-01,-1.21369141362623e-01
1.22432432432432e+08	9.82224314805776e-01,-1.24475782464726e-01
1.22492492492492e+08	9.81828804816849e-01,-1.27581205707309e-01
1.22552552552553e+08	9.81423524044788e-01,-1.30685380311600e-01
1.22612612612613e+08	9.81008476400871e-01,-1.33788275510603e-01
1.22672672672673e+08	9.80583665893249e-01,-1.36889860549377e-01
1.22732732732733e+08	9.80149096627220e-01,-1.39990104685373e-01
1.22792792792793e+08	9.79704772805084e-01,-1.43088977188749e-01
1.22852852852853e+08	9.79250698725988e-01,-1.46186447342648e-01
1.22912912912913e+08	9.78786878785899e-01,-1.49282484443511e-01
1.22972972972973e+08	9.78313317477789e-01,-1.52377057801403e-01
1.23033033033033e+08	9.77830019391368e-01,-1.55470136740315e-01
1.23093093093093e+08	9.77336989213158e-01,-1.58561690598437e-01
1.23153153153153e+08	9.76834231726318e-01,-1.61651688728514e-01
1.23213213213213e+08	9.76321751810702e-01,-1.64740100498106e-01
1.23273273273273e+08	9.75799554442805e-01,-1.67826895289943e-01
1.23333333333333e+08	9.75267644695854e-01,-1.70912042502188e-01
1.23393393393393e+08	9.74726027739341e-01,-1.73995511548758e-01
1.23453453453453e+08	9.74174708839481e-01,-1.77077271859636e-01
1.23513513513514e+08	9.73613693358809e-01,-1.80157292881163e-01
1.23573573573574e+08	9.73042986756360e-01,-1.83235544076360e-01
1.23633633633634e+08	9.72462594587402e-01,-1.86311994925242e-01
1.23693693693694e+08	9.71872522503516e-01,-1.89386614925051e-01
1.23753753753754e+08	9.71272776252518e-01,-1.92459373590679e-01
1.23813813813814e+08	9.70663361678544e-01,-1.95530240454866e-01
1.23873873873874e+08	9.70044284721705e-01,-1.98599185068583e-01
1.23933933933934e+08	9.69415551418111e-01,-2.01666177001265e-01
1.23993993993994e+08	9.68777167900165e-01,-2.04731185841179e-01
1.24054054054054e+08	9.68129140395956e-01,-2.07794181195691e-01
1.24114114114114e+08	9.67471475229654e-01,-2.10855132691570e-01
1.24174174174174e+08	9.66804178821153e-01,-2.13914009975327e-01
1.24234234234234e+08	9.66127257686247e-01,-2.16970782713467e-01
1.24294294294294e+08	9.65440718436325e-01,-2.20025420592848e-01
1.24354354354354e+08	9.64744567778444e-01,-2.23077893320917e-01
1.24414414414414e+08	9.64038812515333e-01,-2.26128170626087e-01
1.24474474474474e+08	9.63323459545252e-01,-2.29176222257982e-01
1.24534534534535e+08	9.62598515861813e-01,-2.32222017987763e-01
1.24594594594595e+08	9.61863988554109e-01,-2.35265527608444e-01
1.24654654654655e+08	9.61119884806566e-01,-2.38306720935160e-01
1.24714714714715e+08	9.60366211898774e-01,-2.41345567805504e-01
1.24774774774775e+08	9.59602977205657e-01,-2.44382038079790e-01
1.24834834834835e+08	9.58830188197136e-01,-2.47416101641418e-01
1.24894894894895e+08	9.58047852438279e-01,-2.50447728397100e-01
1.24954954954955e+08	9.57255977589100e-01,-2.53476888277216e-01
1.25015015015015e+08	9.56454571404398e-01,-2.56503551236052e-01
1.25075075075075e+08	9.55643641734004e-01,-2.59527687252231e-01
1.25135135135135e+08	9.54823196522319e-01,-2.62549266328824e-01
1.25195195195195e+08	9.53993243808590e-01,-2.65568258493840e-01
1.25255255255255e+08	9.53153791726518e-01,-2.68584633800374e-01
1.25315315315315e+08	9.52304848504407e-01,-2.71598362327010e-01
1.25375375375375e+08	9.51446422464967e-01,-2.74609414178077e-01
1.25435435435435e+08	9.50578522025357e-01,-2.77617759483950e-01
1.25495495495495e+08	9.49701155696846e-01,-2.80623368401341e-01
1.25555555555556e+08	9.48814332085166e-01,-2.83626211113620e-01
1.25615615615616e+08	9.47918059889861e-01,-2.86626257831123e-01
1.25675675675676e+08	9.47012347904755e-01,-2.89623478791372e-01
1.25735735735736e+08	9.46097205017505e-01,-2.92617844259510e-01
1.25795795795796e+08	9.45172640209685e-01,-2.95609324528465e-01
1.25855855855856e+08	9.44238662556573e-01,-2.98597889919308e-01
1.25915915915916e+08	9.43295281227187e-01,-3.01583510781557e-01
1.25975975975976e+08	9.42342505484213e-01,-3.04566157493483e-01
1.26036036036036e+08	9.41380344683670e-01,-3.07545800462335e-01
1.26096096096096e+08	9.40408808275244e-01,-3.10522410124756e-01
1.26156156156156e+08	9.39427905801687e-01,-3.13495956946940e-01
1.26216216216216e+08	9.38437646899256e-01,-3.16466411425038e-01
1.26276276276276e+08	9.37438041297127e-01,-3.19433744085432e-01
1.26336336336336e+08	9.36429098817668e-01,-3.22397925484951e-01
1.26396396396396e+08	9.35410829376105e-01,-3.25358926211302e-01
1.26456456456456e+08	9.34383242980579e-01,-3.28316716883219e-01
1.26516516516517e+08	9.33346349732025e-01,-3.31271268150902e-01
1.26576576576577e+08	9.32300159824016e-01,-3.34222550696165e-01
1.26636636636637e+08	9.31244683542652e-01,-3.37170535232868e-01
1.26696696696697e+08	9.30179931266486e-01,-3.40115192507095e-01
1.26756756756757e+08	9.29105913466522e-01,-3.43056493297547e-01
1.26816816816817e+08	9.28022640706011e-01,-3.45994408415733e-01
1.26876876876877e+08	9.26930123640334e-01,-3.48928908706364e-01
1.26936936936937e+08	9.25828373016897e-01,-3.51859965047552e-01
1.26996996996997e+08	9.24717399675131e-01,-3.54787548351197e-01
1.27057057057057e+08	9.23597214546218e-01,-3.57711629563203e-01
1.27117117117117e+08	9.22467828653196e-01,-3.60632179663748e-01
1.27177177177177e+08	9.21329253110718e-01,-3.63549169667714e-01
1.27237237237237e+08	9.20181499124888e-01,-3.66462570624827e-01
1.27297297297297e+08	9.19024577993241e-01,-3.69372353620035e-01
1.27357357357357e+08	9.17858501104697e-01,-3.72278489773720e-01
1.27417417417417e+08	9.16683279939204e-01,-3.75180950242069e-01
1.27477477477477e+08	9.15498926068083e-01,-3.78079706217372e-01
1.27537537537538e+08	9.14305451153318e-01,-3.80974728928209e-01
1.27597597597598e+08	9.13102866947932e-01,-3.83865989639796e-01
1.27657657657658e+08	9.11891185295677e-01,-3.86753459654350e-01
1.27717717717718e+08	9.10670418130829e-01,-3.89637110311229e-01
1.27777777777778e+08	9.09440577478289e-01,-3.92516912987306e-01
1.27837837837838e+08	9.08201675453227e-01,-3.95392839097275e-01
1.27897897897898e+08	9.06953724261224e-01,-3.98264860093906e-01
1.27957957957958e+08	9.05696736197983e-01,-4.01132947468285e-01
1.28018018018018e+08	9.04430723649111e-01,-4.03997072750205e-01
1.28078078078078e+08	9.03155699090225e-01,-4.06857207508374e-01
1.28138138138138e+08	9.01871675086849e-01,-4.09713323350706e-01
1.28198198198198e+08	9.00578664293929e-01,-4.12565391924613e-01
1.28258258258258e+08	8.99276679456254e-01,-4.15413384917364e-01
1.28318318318318e+08	8.97965733407666e-01,-4.18257274056221e-01
1.28378378378378e+08	8.96645839071593e-01,-4.21097031108833e-01
1.28438438438438e+08	8.95317009460587e-01,-4.23932627883529e-01
1.28498498498498e+08	8.93979257676060e-01,-4.26764036229519e-01
1.28558558558559e+08	8.92632596908553e-01,-4.29591228037214e-01
1.28618618618619e+08	8.91277040437294e-01,-4.32414175238527e-01
1.28678678678679e+08	8.89912601630089e-01,-4.35232849807182e-01
1.28738738738739e+08	8.88539293943436e-01,-4.38047223758898e-01
1.28798798798799e+08	8.87157130922032e-01,-4.40857269151736e-01
1.28858858858859e+08	8.85766126198985e-01,-4.43662958086406e-01
1.28918918918919e+08	8.84366293495432e-01,-4.46464262706506e-01
1.28978978978979e+08	8.82957646620534e-01,-4.49261155198749e-01
1.29039039039039e+08	8.81540199471277e-01,-4.52053607793390e-01
1.29099099099099e+08	8.80113966032363e-01,-4.54841592764340e-01
1.29159159159159e+08	8.78678960376149e-01,-4.57625082429549e-01
1.29219219219219e+08	8.77235196662262e-01,-4.60404049151295e-01
1.29279279279279e+08	8.75782689137857e-01,-4.63178465336353e-01
1.29339339339339e+08	8.74321452136996e-01,-4.65948303436371e-01
1.29399399399399e+08	8.72851500080906e-01,-4.68713535948141e-01
1.29459459459459e+08	8.71372847477713e-01,-4.71474135413819e-01
1.29519519519520e+08	8.69885508922205e-01,-4.74230074421251e-01
1.29579579579580e+08	8.68389499095806e-01,-4.76981325604202e-01
1.29639639639640e+08	8.66884832766313e-01,-4.79727861642705e-01
1.29699699699700e+08	8.65371524787870e-01,-4.82469655263260e-01
1.29759759759760e+08	8.63849590100811e-01,-4.85206679239094e-01
1.29819819819820e+08	8.62319043731486e-01,-4.87938906390606e-01
1.29879879879880e+08	8.60779900791960e-01,-4.90666309585360e-01
1.29939939939940e+08	8.59232176480086e-01,-4.93388861738646e-01
1.30000000000000e+08	8.57675886079423e-01,-4.96106535813495e-01
