Freq.	-V(reflectedwaveover20)/V(minusincidentwaveover20)
7.00000000000000e+07	8.58515842359236e-01,-4.94904722421289e-01
7.00600600600601e+07	8.56953675661999e-01,-4.97623142903778e-01
7.01201201201201e+07	8.55382944230615e-01,-5.00336634471245e-01
7.01801801801802e+07	8.53803663628474e-01,-5.03045170081462e-01
7.02402402402402e+07	8.52215849504679e-01,-5.05748722741463e-01
7.03003003003003e+07	8.50619517593891e-01,-5.08447265507794e-01
7.03603603603604e+07	8.49014683716166e-01,-5.11140771486804e-01
7.04204204204204e+07	8.47401363776801e-01,-5.13829213834909e-01
7.04804804804805e+07	8.45779573766172e-01,-5.16512565758866e-01
7.05405405405405e+07	8.44149329759578e-01,-5.19190800516045e-01
7.06006006006006e+07	8.42510647917076e-01,-5.21863891414701e-01
7.06606606606607e+07	8.40863544483320e-01,-5.24531811814239e-01
7.07207207207207e+07	8.39208035787396e-01,-5.27194535125492e-01
7.07807807807808e+07	8.37544138242670e-01,-5.29852034810984e-01
7.08408408408408e+07	8.35871868346603e-01,-5.32504284385202e-01
7.09009009009009e+07	8.34191242680606e-01,-5.35151257414865e-01
7.09609609609610e+07	8.32502277909861e-01,-5.37792927519188e-01
7.10210210210210e+07	8.30804990783160e-01,-5.40429268370154e-01
7.10810810810811e+07	8.29099398132730e-01,-5.43060253692776e-01
7.11411411411411e+07	8.27385516874077e-01,-5.45685857265369e-01
7.12012012012012e+07	8.25663364005801e-01,-5.48306052919809e-01
7.12612612612613e+07	8.23932956609439e-01,-5.50920814541804e-01
7.13213213213213e+07	8.22194311849283e-01,-5.53530116071157e-01
7.13813813813814e+07	8.20447446972215e-01,-5.56133931502025e-01
7.14414414414414e+07	8.18692379307529e-01,-5.58732234883190e-01
7.15015015015015e+07	8.16929126266763e-01,-5.61325000318317e-01
7.15615615615616e+07	8.15157705343516e-01,-5.63912201966222e-01
7.16216216216216e+07	8.13378134113279e-01,-5.66493814041126e-01
7.16816816816817e+07	8.11590430233256e-01,-5.69069810812916e-01
7.17417417417417e+07	8.09794611442189e-01,-5.71640166607419e-01
7.18018018018018e+07	8.07990695560174e-01,-5.74204855806645e-01
7.18618618618619e+07	8.06178700488491e-01,-5.76763852849059e-01
7.19219219219219e+07	8.04358644209414e-01,-5.79317132229833e-01
7.19819819819820e+07	8.02530544786037e-01,-5.81864668501106e-01
7.20420420420420e+07	8.00694420362091e-01,-5.84406436272244e-01
7.21021021021021e+07	7.98850289161764e-01,-5.86942410210095e-01
7.21621621621622e+07	7.96998169489510e-01,-5.89472565039244e-01
7.22222222222222e+07	7.95138079729875e-01,-5.91996875542275e-01
7.22822822822823e+07	7.93270038347306e-01,-5.94515316560022e-01
7.23423423423423e+07	7.91394063885966e-01,-5.97027862991821e-01
7.24024024024024e+07	7.89510174969548e-01,-5.99534489795768e-01
7.24624624624625e+07	7.87618390301091e-01,-6.02035171988978e-01
7.25225225225225e+07	7.85718728662783e-01,-6.04529884647826e-01
7.25825825825826e+07	7.83811208915786e-01,-6.07018602908208e-01
7.26426426426426e+07	7.81895850000032e-01,-6.09501301965793e-01
7.27027027027027e+07	7.79972670934043e-01,-6.11977957076265e-01
7.27627627627628e+07	7.78041690814731e-01,-6.14448543555588e-01
7.28228228228228e+07	7.76102928817213e-01,-6.16913036780244e-01
7.28828828828829e+07	7.74156404194615e-01,-6.19371412187488e-01
7.29429429429429e+07	7.72202136277876e-01,-6.21823645275593e-01
7.30030030030030e+07	7.70240144475560e-01,-6.24269711604105e-01
7.30630630630631e+07	7.68270448273652e-01,-6.26709586794081e-01
7.31231231231231e+07	7.66293067235372e-01,-6.29143246528345e-01
7.31831831831832e+07	7.64308021000967e-01,-6.31570666551726e-01
7.32432432432432e+07	7.62315329287520e-01,-6.33991822671311e-01
7.33033033033033e+07	7.60315011888750e-01,-6.36406690756683e-01
7.33633633633634e+07	7.58307088674813e-01,-6.38815246740173e-01
7.34234234234234e+07	7.56291579592102e-01,-6.41217466617095e-01
7.34834834834835e+07	7.54268504663044e-01,-6.43613326445997e-01
7.35435435435435e+07	7.52237883985901e-01,-6.46002802348897e-01
7.36036036036036e+07	7.50199737734566e-01,-6.48385870511531e-01
7.36636636636637e+07	7.48154086158360e-01,-6.50762507183587e-01
7.37237237237237e+07	7.46100949581828e-01,-6.53132688678948e-01
7.37837837837838e+07	7.44040348404536e-01,-6.55496391375939e-01
7.38438438438438e+07	7.41972303100859e-01,-6.57853591717550e-01
7.39039039039039e+07	7.39896834219784e-01,-6.60204266211694e-01
7.39639639639640e+07	7.37813962384696e-01,-6.62548391431430e-01
7.40240240240240e+07	7.35723708293173e-01,-6.64885944015202e-01
7.40840840840841e+07	7.33626092716776e-01,-6.67216900667085e-01
7.41441441441441e+07	7.31521136500841e-01,-6.69541238157011e-01
7.42042042042042e+07	7.29408860564266e-01,-6.71858933321004e-01
7.42642642642643e+07	7.27289285899303e-01,-6.74169963061422e-01
7.43243243243243e+07	7.25162433571349e-01,-6.76474304347184e-01
7.43843843843844e+07	7.23028324718723e-01,-6.78771934214006e-01
7.44444444444444e+07	7.20886980552465e-01,-6.81062829764630e-01
7.45045045045045e+07	7.18738422356116e-01,-6.83346968169063e-01
7.45645645645646e+07	7.16582671485504e-01,-6.85624326664799e-01
7.46246246246246e+07	7.14419749368526e-01,-6.87894882557055e-01
7.46846846846847e+07	7.12249677504939e-01,-6.90158613218996e-01
7.47447447447447e+07	7.10072477466133e-01,-6.92415496091972e-01
7.48048048048048e+07	7.07888170894926e-01,-6.94665508685735e-01
7.48648648648649e+07	7.05696779505332e-01,-6.96908628578678e-01
7.49249249249249e+07	7.03498325082353e-01,-6.99144833418051e-01
7.49849849849850e+07	7.01292829481754e-01,-7.01374100920196e-01
7.50450450450450e+07	6.99080314629840e-01,-7.03596408870764e-01
7.51051051051051e+07	6.96860802523241e-01,-7.05811735124947e-01
7.51651651651652e+07	6.94634315228686e-01,-7.08020057607701e-01
7.52252252252252e+07	6.92400874882782e-01,-7.10221354313961e-01
7.52852852852853e+07	6.90160503691786e-01,-7.12415603308874e-01
7.53453453453453e+07	6.87913223931389e-01,-7.14602782728018e-01
7.54054054054054e+07	6.85659057946485e-01,-7.16782870777613e-01
7.54654654654655e+07	6.83398028150945e-01,-7.18955845734760e-01
7.55255255255255e+07	6.81130157027395e-01,-7.21121685947640e-01
7.55855855855856e+07	6.78855467126987e-01,-7.23280369835751e-01
7.56456456456456e+07	6.76573981069168e-01,-7.25431875890115e-01
7.57057057057057e+07	6.74285721541461e-01,-7.27576182673496e-01
7.57657657657658e+07	6.71990711299221e-01,-7.29713268820622e-01
7.58258258258258e+07	6.69688973165420e-01,-7.31843113038397e-01
7.58858858858859e+07	6.67380530030410e-01,-7.33965694106115e-01
7.59459459459459e+07	6.65065404851686e-01,-7.36080990875680e-01
7.60060060060060e+07	6.62743620653668e-01,-7.38188982271813e-01
7.60660660660661e+07	6.60415200527458e-01,-7.40289647292269e-01
7.61261261261261e+07	6.58080167630604e-01,-7.42382965008046e-01
7.61861861861862e+07	6.55738545186882e-01,-7.44468914563601e-01
7.62462462462462e+07	6.53390356486040e-01,-7.46547475177056e-01
7.63063063063063e+07	6.51035624883582e-01,-7.48618626140412e-01
7.63663663663664e+07	6.48674373800519e-01,-7.50682346819754e-01
7.64264264264264e+07	6.46306626723137e-01,-7.52738616655461e-01
7.64864864864865e+07	6.43932407202764e-01,-7.54787415162414e-01
7.65465465465465e+07	6.41551738855524e-01,-7.56828721930203e-01
7.66066066066066e+07	6.39164645362104e-01,-7.58862516623335e-01
7.66666666666667e+07	6.36771150467510e-01,-7.60888778981433e-01
7.67267267267267e+07	6.34371277980834e-01,-7.62907488819444e-01
7.67867867867868e+07	6.31965051775007e-01,-7.64918626027846e-01
7.68468468468468e+07	6.29552495786562e-01,-7.66922170572850e-01
7.69069069069069e+07	6.27133634015387e-01,-7.68918102496594e-01
7.69669669669670e+07	6.24708490524488e-01,-7.70906401917353e-01
7.70270270270270e+07	6.22277089439745e-01,-7.72887049029740e-01
7.70870870870871e+07	6.19839454949663e-01,-7.74860024104899e-01
7.71471471471471e+07	6.17395611305139e-01,-7.76825307490711e-01
7.72072072072072e+07	6.14945582819197e-01,-7.78782879611985e-01
7.72672672672673e+07	6.12489393866764e-01,-7.80732720970668e-01
7.73273273273273e+07	6.10027068884411e-01,-7.82674812146020e-01
7.73873873873874e+07	6.07558632370111e-01,-7.84609133794837e-01
7.74474474474474e+07	6.05084108882984e-01,-7.86535666651621e-01
7.75075075075075e+07	6.02603523043060e-01,-7.88454391528793e-01
7.75675675675676e+07	6.00116899531021e-01,-7.90365289316873e-01
7.76276276276276e+07	5.97624263087958e-01,-7.92268340984682e-01
7.76876876876877e+07	5.95125638515114e-01,-7.94163527579530e-01
7.77477477477477e+07	5.92621050673639e-01,-7.96050830227406e-01
7.78078078078078e+07	5.90110524484337e-01,-7.97930230133165e-01
7.78678678678679e+07	5.87594084927411e-01,-7.99801708580735e-01
7.79279279279279e+07	5.85071757042220e-01,-8.01665246933277e-01
7.79879879879880e+07	5.82543565927008e-01,-8.03520826633396e-01
7.80480480480480e+07	5.80009536738672e-01,-8.05368429203321e-01
7.81081081081081e+07	5.77469694692491e-01,-8.07208036245085e-01
7.81681681681682e+07	5.74924065061880e-01,-8.09039629440721e-01
7.82282282282282e+07	5.72372673178126e-01,-8.10863190552434e-01
7.82882882882883e+07	5.69815544430144e-01,-8.12678701422800e-01
7.83483483483483e+07	5.67252704264211e-01,-8.14486143974933e-01
7.84084084084084e+07	5.64684178183712e-01,-8.16285500212679e-01
7.84684684684685e+07	5.62109991748875e-01,-8.18076752220788e-01
7.85285285285285e+07	5.59530170576533e-01,-8.19859882165104e-01
7.85885885885886e+07	5.56944740339836e-01,-8.21634872292737e-01
7.86486486486486e+07	5.54353726768016e-01,-8.23401704932240e-01
7.87087087087087e+07	5.51757155646113e-01,-8.25160362493796e-01
7.87687687687688e+07	5.49155052814721e-01,-8.26910827469389e-01
7.88288288288288e+07	5.46547444169720e-01,-8.28653082432978e-01
7.88888888888889e+07	5.43934355662023e-01,-8.30387110040675e-01
7.89489489489489e+07	5.41315813297307e-01,-8.32112893030922e-01
7.90090090090090e+07	5.38691843135751e-01,-8.33830414224660e-01
7.90690690690691e+07	5.36062471291776e-01,-8.35539656525506e-01
7.91291291291291e+07	5.33427723933772e-01,-8.37240602919919e-01
7.91891891891892e+07	5.30787627283847e-01,-8.38933236477378e-01
7.92492492492492e+07	5.28142207617554e-01,-8.40617540350546e-01
7.93093093093093e+07	5.25491491263619e-01,-8.42293497775443e-01
7.93693693693694e+07	5.22835504603687e-01,-8.43961092071614e-01
7.94294294294294e+07	5.20174274072049e-01,-8.45620306642296e-01
7.94894894894895e+07	5.17507826155373e-01,-8.47271124974584e-01
7.95495495495495e+07	5.14836187392446e-01,-8.48913530639599e-01
7.96096096096096e+07	5.12159384373886e-01,-8.50547507292649e-01
7.96696696696697e+07	5.09477443741892e-01,-8.52173038673398e-01
7.97297297297297e+07	5.06790392189973e-01,-8.53790108606026e-01
7.97897897897898e+07	5.04098256462661e-01,-8.55398700999392e-01
7.98498498498498e+07	5.01401063355265e-01,-8.56998799847198e-01
7.99099099099099e+07	4.98698839713576e-01,-8.58590389228143e-01
7.99699699699700e+07	4.95991612433613e-01,-8.60173453306094e-01
8.00300300300300e+07	4.93279408461347e-01,-8.61747976330229e-01
8.00900900900901e+07	4.90562254792421e-01,-8.63313942635213e-01
8.01501501501502e+07	4.87840178471883e-01,-8.64871336641341e-01
8.02102102102102e+07	4.85113206593917e-01,-8.66420142854700e-01
8.02702702702703e+07	4.82381366301560e-01,-8.67960345867325e-01
8.03303303303303e+07	4.79644684786432e-01,-8.69491930357351e-01
8.03903903903904e+07	4.76903189288460e-01,-8.71014881089170e-01
8.04504504504505e+07	4.74156907095600e-01,-8.72529182913576e-01
8.05105105105105e+07	4.71405865543575e-01,-8.74034820767929e-01
8.05705705705706e+07	4.68650092015575e-01,-8.75531779676296e-01
8.06306306306306e+07	4.65889613941997e-01,-8.77020044749604e-01
8.06906906906907e+07	4.63124458800166e-01,-8.78499601185787e-01
8.07507507507508e+07	4.60354654114055e-01,-8.79970434269944e-01
8.08108108108108e+07	4.57580227454000e-01,-8.81432529374469e-01
8.08708708708709e+07	4.54801206436429e-01,-8.82885871959213e-01
8.09309309309309e+07	4.52017618723591e-01,-8.84330447571623e-01
8.09909909909910e+07	4.49229492023249e-01,-8.85766241846890e-01
8.10510510510511e+07	4.46436854088433e-01,-8.87193240508081e-01
8.11111111111111e+07	4.43639732717133e-01,-8.88611429366301e-01
8.11711711711712e+07	4.40838155752035e-01,-8.90020794320818e-01
8.12312312312312e+07	4.38032151080229e-01,-8.91421321359215e-01
8.12912912912913e+07	4.35221746632932e-01,-8.92812996557522e-01
8.13513513513514e+07	4.32406970385208e-01,-8.94195806080363e-01
8.14114114114114e+07	4.29587850355674e-01,-8.95569736181087e-01
8.14714714714715e+07	4.26764414606233e-01,-8.96934773201909e-01
8.15315315315315e+07	4.23936691241775e-01,-8.98290903574045e-01
8.15915915915916e+07	4.21104708409902e-01,-8.99638113817854e-01
8.16516516516517e+07	4.18268494300643e-01,-9.00976390542959e-01
8.17117117117117e+07	4.15428077146162e-01,-9.02305720448395e-01
8.17717717717718e+07	4.12583485220482e-01,-9.03626090322730e-01
8.18318318318318e+07	4.09734746839192e-01,-9.04937487044208e-01
8.18918918918919e+07	4.06881890359167e-01,-9.06239897580871e-01
8.19519519519520e+07	4.04024944178271e-01,-9.07533308990692e-01
8.20120120120120e+07	4.01163936735085e-01,-9.08817708421705e-01
8.20720720720721e+07	3.98298896508601e-01,-9.10093083112131e-01
8.21321321321321e+07	3.95429852017954e-01,-9.11359420390508e-01
8.21921921921922e+07	3.92556831822118e-01,-9.12616707675815e-01
8.22522522522523e+07	3.89679864519629e-01,-9.13864932477600e-01
8.23123123123123e+07	3.86798978748281e-01,-9.15104082396099e-01
8.23723723723724e+07	3.83914203184854e-01,-9.16334145122367e-01
8.24324324324324e+07	3.81025566544810e-01,-9.17555108438392e-01
8.24924924924925e+07	3.78133097582011e-01,-9.18766960217222e-01
8.25525525525526e+07	3.75236825088430e-01,-9.19969688423090e-01
8.26126126126126e+07	3.72336777893850e-01,-9.21163281111522e-01
8.26726726726727e+07	3.69432984865578e-01,-9.22347726429463e-01
8.27327327327327e+07	3.66525474908159e-01,-9.23523012615400e-01
8.27927927927928e+07	3.63614276963077e-01,-9.24689127999466e-01
8.28528528528529e+07	3.60699420008460e-01,-9.25846061003565e-01
8.29129129129129e+07	3.57780933058796e-01,-9.26993800141488e-01
8.29729729729730e+07	3.54858845164635e-01,-9.28132334019021e-01
8.30330330330330e+07	3.51933185412294e-01,-9.29261651334059e-01
8.30930930930931e+07	3.49003982923558e-01,-9.30381740876725e-01
8.31531531531532e+07	3.46071266855408e-01,-9.31492591529473e-01
8.32132132132132e+07	3.43135066399697e-01,-9.32594192267205e-01
8.32732732732733e+07	3.40195410782877e-01,-9.33686532157375e-01
8.33333333333333e+07	3.37252329265688e-01,-9.34769600360097e-01
8.33933933933934e+07	3.34305851142873e-01,-9.35843386128260e-01
8.34534534534535e+07	3.31356005742884e-01,-9.36907878807625e-01
8.35135135135135e+07	3.28402822427574e-01,-9.37963067836938e-01
8.35735735735736e+07	3.25446330591907e-01,-9.39008942748028e-01
8.36336336336336e+07	3.22486559663665e-01,-9.40045493165919e-01
8.36936936936937e+07	3.19523539103144e-01,-9.41072708808921e-01
8.37537537537538e+07	3.16557298402861e-01,-9.42090579488743e-01
8.38138138138138e+07	3.13587867087249e-01,-9.43099095110589e-01
8.38738738738739e+07	3.10615274712369e-01,-9.44098245673254e-01
8.39339339339339e+07	3.07639550865606e-01,-9.45088021269230e-01
8.39939939939940e+07	3.04660725165367e-01,-9.46068412084799e-01
8.40540540540541e+07	3.01678827260792e-01,-9.47039408400133e-01
8.41141141141141e+07	2.98693886831439e-01,-9.48001000589384e-01
8.41741741741742e+07	2.95705933586998e-01,-9.48953179120786e-01
8.42342342342342e+07	2.92714997266988e-01,-9.49895934556749e-01
8.42942942942943e+07	2.89721107640451e-01,-9.50829257553943e-01
8.43543543543544e+07	2.86724294505656e-01,-9.51753138863398e-01
8.44144144144144e+07	2.83724587689799e-01,-9.52667569330594e-01
8.44744744744745e+07	2.80722017048695e-01,-9.53572539895550e-01
8.45345345345345e+07	2.77716612466490e-01,-9.54468041592914e-01
8.45945945945946e+07	2.74708403855348e-01,-9.55354065552050e-01
8.46546546546547e+07	2.71697421155142e-01,-9.56230602997125e-01
8.47147147147147e+07	2.68683694333172e-01,-9.57097645247192e-01
8.47747747747748e+07	2.65667253383858e-01,-9.57955183716291e-01
8.48348348348348e+07	2.62648128328413e-01,-9.58803209913509e-01
8.48948948948949e+07	2.59626349214567e-01,-9.59641715443080e-01
8.49549549549550e+07	2.56601946116264e-01,-9.60470692004463e-01
8.50150150150150e+07	2.53574949133339e-01,-9.61290131392428e-01
8.50750750750751e+07	2.50545388391220e-01,-9.62100025497119e-01
8.51351351351351e+07	2.47513294040640e-01,-9.62900366304160e-01
8.51951951951952e+07	2.44478696257314e-01,-9.63691145894711e-01
8.52552552552553e+07	2.41441625241644e-01,-9.64472356445555e-01
8.53153153153153e+07	2.38402111218409e-01,-9.65243990229175e-01
8.53753753753754e+07	2.35360184436467e-01,-9.66006039613827e-01
8.54354354354354e+07	2.32315875168446e-01,-9.66758497063615e-01
8.54954954954955e+07	2.29269213710427e-01,-9.67501355138562e-01
8.55555555555556e+07	2.26220230381667e-01,-9.68234606494692e-01
8.56156156156156e+07	2.23168955524257e-01,-9.68958243884084e-01
8.56756756756757e+07	2.20115419502849e-01,-9.69672260154963e-01
8.57357357357357e+07	2.17059652704330e-01,-9.70376648251755e-01
8.57957957957958e+07	2.14001685537515e-01,-9.71071401215160e-01
8.58558558558559e+07	2.10941548432846e-01,-9.71756512182218e-01
8.59159159159159e+07	2.07879271842098e-01,-9.72431974386386e-01
8.59759759759760e+07	2.04814886238045e-01,-9.73097781157583e-01
8.60360360360360e+07	2.01748422114172e-01,-9.73753925922277e-01
8.60960960960961e+07	1.98679909984354e-01,-9.74400402203529e-01
8.61561561561562e+07	1.95609380382568e-01,-9.75037203621072e-01
8.62162162162162e+07	1.92536863862560e-01,-9.75664323891361e-01
8.62762762762763e+07	1.89462390997562e-01,-9.76281756827641e-01
8.63363363363363e+07	1.86385992379962e-01,-9.76889496340001e-01
8.63963963963964e+07	1.83307698621009e-01,-9.77487536435439e-01
8.64564564564565e+07	1.80227540350499e-01,-9.78075871217910e-01
8.65165165165165e+07	1.77145548216472e-01,-9.78654494888398e-01
8.65765765765766e+07	1.74061752884885e-01,-9.79223401744948e-01
8.66366366366366e+07	1.70976185039333e-01,-9.79782586182752e-01
8.66966966966967e+07	1.67888875380717e-01,-9.80332042694175e-01
8.67567567567568e+07	1.64799854626936e-01,-9.80871765868820e-01
8.68168168168168e+07	1.61709153512586e-01,-9.81401750393582e-01
8.68768768768769e+07	1.58616802788644e-01,-9.81921991052688e-01
8.69369369369369e+07	1.55522833222163e-01,-9.82432482727761e-01
8.69969969969970e+07	1.52427275595957e-01,-9.82933220397857e-01
8.70570570570571e+07	1.49330160708293e-01,-9.83424199139519e-01
8.71171171171171e+07	1.46231519372579e-01,-9.83905414126818e-01
8.71771771771772e+07	1.43131382417061e-01,-9.84376860631410e-01
8.72372372372372e+07	1.40029780684496e-01,-9.84838534022564e-01
8.72972972972973e+07	1.36926745031862e-01,-9.85290429767222e-01
8.73573573573574e+07	1.33822306330031e-01,-9.85732543430029e-01
8.74174174174174e+07	1.30716495463467e-01,-9.86164870673391e-01
8.74774774774775e+07	1.27609343329904e-01,-9.86587407257490e-01
8.75375375375375e+07	1.24500880840051e-01,-9.87000149040348e-01
8.75975975975976e+07	1.21391138917272e-01,-9.87403091977860e-01
8.76576576576577e+07	1.18280148497270e-01,-9.87796232123820e-01
8.77177177177177e+07	1.15167940527773e-01,-9.88179565629967e-01
8.77777777777778e+07	1.12054545968249e-01,-9.88553088746027e-01
8.78378378378378e+07	1.08939995789556e-01,-9.88916797819735e-01
8.78978978978979e+07	1.05824320973660e-01,-9.89270689296875e-01
8.79579579579580e+07	1.02707552513300e-01,-9.89614759721310e-01
8.80180180180180e+07	9.95897214117004e-02,-9.89949005735020e-01
8.80780780780781e+07	9.64708586822399e-02,-9.90273424078126e-01
8.81381381381381e+07	9.33509953481455e-02,-9.90588011588925e-01
8.81981981981982e+07	9.02301624421807e-02,-9.90892765203913e-01
8.82582582582583e+07	8.71083910063294e-02,-9.91187681957811e-01
8.83183183183183e+07	8.39857120914953e-02,-9.91472758983611e-01
8.83783783783784e+07	8.08621567571703e-02,-9.91747993512569e-01
8.84384384384384e+07	7.77377560711384e-02,-9.92013382874262e-01
8.84984984984985e+07	7.46125411091525e-02,-9.92268924496589e-01
8.85585585585586e+07	7.14865429546320e-02,-9.92514615905806e-01
8.86186186186186e+07	6.83597926983410e-02,-9.92750454726544e-01
8.86786786786787e+07	6.52323214380782e-02,-9.92976438681832e-01
8.87387387387387e+07	6.21041602783622e-02,-9.93192565593103e-01
8.87987987987988e+07	5.89753403301269e-02,-9.93398833380239e-01
8.88588588588589e+07	5.58458927103980e-02,-9.93595240061565e-01
8.89189189189189e+07	5.27158485419815e-02,-9.93781783753876e-01
8.89789789789790e+07	4.95852389531626e-02,-9.93958462672452e-01
8.90390390390390e+07	4.64540950773761e-02,-9.94125275131071e-01
8.90990990990991e+07	4.33224480529033e-02,-9.94282219542025e-01
8.91591591591592e+07	4.01903290225536e-02,-9.94429294416128e-01
8.92192192192192e+07	3.70577691333561e-02,-9.94566498362730e-01
8.92792792792793e+07	3.39247995362486e-02,-9.94693830089739e-01
8.93393393393393e+07	3.07914513857522e-02,-9.94811288403606e-01
8.93993993993994e+07	2.76577558396708e-02,-9.94918872209356e-01
8.94594594594595e+07	2.45237440587724e-02,-9.95016580510587e-01
8.95195195195195e+07	2.13894472064765e-02,-9.95104412409473e-01
8.95795795795796e+07	1.82548964485411e-02,-9.95182367106779e-01
8.96396396396396e+07	1.51201229527430e-02,-9.95250443901857e-01
8.96996996996997e+07	1.19851578885864e-02,-9.95308642192655e-01
8.97597597597598e+07	8.85003242695572e-03,-9.95356961475714e-01
8.98198198198198e+07	5.71477773983425e-03,-9.95395401346183e-01
8.98798798798799e+07	2.57942499996482e-03,-9.95423961497793e-01
8.99399399399399e+07	-5.55994619433358e-04,-9.95442641722895e-01
9.00000000000000e+07	-3.69144994501407e-03,-9.95451441912418e-01
9.00600600600601e+07	-6.82690980358503e-03,-9.95450362055898e-01
9.01201201201201e+07	-9.96234302244400e-03,-9.95439402241458e-01
9.01801801801802e+07	-1.30977184296753e-02,-9.95418562655809e-01
9.02402402402402e+07	-1.62330048544754e-02,-9.95387843584242e-01
9.03003003003003e+07	-1.93681711274537e-02,-9.95347245410630e-01
9.03603603603604e+07	-2.25031860809639e-02,-9.95296768617404e-01
9.04204204204204e+07	-2.56380185493973e-02,-9.95236413785560e-01
9.04804804804805e+07	-2.87726373694995e-02,-9.95166181594651e-01
9.05405405405405e+07	-3.19070113807010e-02,-9.95086072822758e-01
9.06006006006006e+07	-3.50411094254093e-02,-9.94996088346494e-01
9.06606606606607e+07	-3.81749003493276e-02,-9.94896229140993e-01
9.07207207207207e+07	-4.13083530017730e-02,-9.94786496279889e-01
9.07807807807808e+07	-4.44414362359819e-02,-9.94666890935303e-01
9.08408408408408e+07	-4.75741189094349e-02,-9.94537414377830e-01
9.09009009009009e+07	-5.07063698841477e-02,-9.94398067976522e-01
9.09609609609610e+07	-5.38381580269999e-02,-9.94248853198875e-01
9.10210210210210e+07	-5.69694522100559e-02,-9.94089771610792e-01
9.10810810810811e+07	-6.01002213108458e-02,-9.93920824876596e-01
9.11411411411411e+07	-6.32304342127161e-02,-9.93742014758974e-01
9.12012012012012e+07	-6.63600598051037e-02,-9.93553343118989e-01
9.12612612612613e+07	-6.94890669838855e-02,-9.93354811916025e-01
9.13213213213213e+07	-7.26174246516628e-02,-9.93146423207794e-01
9.13813813813814e+07	-7.57451017180824e-02,-9.92928179150287e-01
9.14414414414414e+07	-7.88720671001463e-02,-9.92700081997773e-01
9.15015015015015e+07	-8.19982897225302e-02,-9.92462134102743e-01
9.15615615615616e+07	-8.51237385178916e-02,-9.92214337915907e-01
9.16216216216216e+07	-8.82483824271739e-02,-9.91956695986161e-01
9.16816816816817e+07	-9.13721903999248e-02,-9.91689210960547e-01
9.17417417417417e+07	-9.44951313946164e-02,-9.91411885584230e-01
9.18018018018018e+07	-9.76171743789350e-02,-9.91124722700472e-01
9.18618618618619e+07	-1.00738288330106e-01,-9.90827725250592e-01
9.19219219219219e+07	-1.03858442235208e-01,-9.90520896273934e-01
9.19819819819820e+07	-1.06977605091475e-01,-9.90204238907830e-01
9.20420420420420e+07	-1.10095745906614e-01,-9.89877756387572e-01
9.21021021021021e+07	-1.13212833699100e-01,-9.89541452046375e-01
9.21621621621622e+07	-1.16328837498509e-01,-9.89195329315333e-01
9.22222222222222e+07	-1.19443726345821e-01,-9.88839391723381e-01
9.22822822822823e+07	-1.22557469293720e-01,-9.88473642897263e-01
9.23423423423423e+07	-1.25670035406903e-01,-9.88098086561495e-01
9.24024024024024e+07	-1.28781393762417e-01,-9.87712726538300e-01
9.24624624624625e+07	-1.31891513449932e-01,-9.87317566747599e-01
9.25225225225225e+07	-1.35000363572076e-01,-9.86912611206943e-01
9.25825825825826e+07	-1.38107913244730e-01,-9.86497864031482e-01
9.26426426426426e+07	-1.41214131597356e-01,-9.86073329433904e-01
9.27027027027027e+07	-1.44318987773276e-01,-9.85639011724415e-01
9.27627627627628e+07	-1.47422450930014e-01,-9.85194915310666e-01
9.28228228228228e+07	-1.50524490239580e-01,-9.84741044697720e-01
9.28828828828829e+07	-1.53625074888790e-01,-9.84277404487997e-01
9.29429429429429e+07	-1.56724174079569e-01,-9.83803999381231e-01
9.30030030030030e+07	-1.59821757029271e-01,-9.83320834174401e-01
9.30630630630631e+07	-1.62917792970965e-01,-9.82827913761706e-01
9.31231231231231e+07	-1.66012251153771e-01,-9.82325243134484e-01
9.31831831831832e+07	-1.69105100843137e-01,-9.81812827381182e-01
9.32432432432432e+07	-1.72196311321180e-01,-9.81290671687284e-01
9.33033033033033e+07	-1.75285851886954e-01,-9.80758781335265e-01
9.33633633633634e+07	-1.78373691856801e-01,-9.80217161704525e-01
9.34234234234234e+07	-1.81459800564616e-01,-9.79665818271347e-01
9.34834834834835e+07	-1.84544147362188e-01,-9.79104756608813e-01
9.35435435435435e+07	-1.87626701619481e-01,-9.78533982386774e-01
9.36036036036036e+07	-1.90707432724954e-01,-9.77953501371763e-01
9.36636636636637e+07	-1.93786310085867e-01,-9.77363319426950e-01
9.37237237237237e+07	-1.96863303128581e-01,-9.76763442512067e-01
9.37837837837838e+07	-1.99938381298862e-01,-9.76153876683360e-01
9.38438438438438e+07	-2.03011514062199e-01,-9.75534628093508e-01
9.39039039039039e+07	-2.06082670904100e-01,-9.74905702991562e-01
9.39639639639640e+07	-2.09151821330386e-01,-9.74267107722891e-01
9.40240240240240e+07	-2.12218934867523e-01,-9.73618848729090e-01
9.40840840840841e+07	-2.15283981062897e-01,-9.72960932547941e-01
9.41441441441441e+07	-2.18346929485146e-01,-9.72293365813309e-01
9.42042042042042e+07	-2.21407749724434e-01,-9.71616155255110e-01
9.42642642642643e+07	-2.24466411392785e-01,-9.70929307699203e-01
9.43243243243243e+07	-2.27522884124366e-01,-9.70232830067347e-01
9.43843843843844e+07	-2.30577137575799e-01,-9.69526729377101e-01
9.44444444444444e+07	-2.33629141426457e-01,-9.68811012741779e-01
9.45045045045045e+07	-2.36678865378773e-01,-9.68085687370351e-01
9.45645645645646e+07	-2.39726279158543e-01,-9.67350760567370e-01
9.46246246246246e+07	-2.42771352515230e-01,-9.66606239732904e-01
9.46846846846847e+07	-2.45814055222249e-01,-9.65852132362458e-01
9.47447447447447e+07	-2.48854357077292e-01,-9.65088446046887e-01
9.48048048048048e+07	-2.51892227902615e-01,-9.64315188472313e-01
9.48648648648649e+07	-2.54927637545353e-01,-9.63532367420051e-01
9.49249249249249e+07	-2.57960555877794e-01,-9.62739990766535e-01
9.49849849849850e+07	-2.60990952797704e-01,-9.61938066483222e-01
9.50450450450450e+07	-2.64018798228627e-01,-9.61126602636501e-01
9.51051051051051e+07	-2.67044062120170e-01,-9.60305607387632e-01
9.51651651651652e+07	-2.70066714448311e-01,-9.59475088992642e-01
9.52252252252252e+07	-2.73086725215699e-01,-9.58635055802244e-01
9.52852852852853e+07	-2.76104064451957e-01,-9.57785516261745e-01
9.53453453453453e+07	-2.79118702213970e-01,-9.56926478910963e-01
9.54054054054054e+07	-2.82130608586193e-01,-9.56057952384135e-01
9.54654654654655e+07	-2.85139753680941e-01,-9.55179945409830e-01
9.55255255255255e+07	-2.88146107638699e-01,-9.54292466810846e-01
9.55855855855856e+07	-2.91149640628407e-01,-9.53395525504133e-01
9.56456456456456e+07	-2.94150322847764e-01,-9.52489130500686e-01
9.57057057057057e+07	-2.97148124523524e-01,-9.51573290905460e-01
9.57657657657658e+07	-3.00143015911792e-01,-9.50648015917271e-01
9.58258258258258e+07	-3.03134967298324e-01,-9.49713314828699e-01
9.58858858858859e+07	-3.06123948998812e-01,-9.48769197025991e-01
9.59459459459459e+07	-3.09109931359195e-01,-9.47815671988965e-01
9.60060060060060e+07	-3.12092884755942e-01,-9.46852749290909e-01
9.60660660660661e+07	-3.15072779596354e-01,-9.45880438598485e-01
9.61261261261261e+07	-3.18049586318857e-01,-9.44898749671618e-01
9.61861861861862e+07	-3.21023275393294e-01,-9.43907692363403e-01
9.62462462462462e+07	-3.23993817321219e-01,-9.42907276620005e-01
9.63063063063063e+07	-3.26961182636199e-01,-9.41897512480546e-01
9.63663663663664e+07	-3.29925341904094e-01,-9.40878410077005e-01
9.64264264264264e+07	-3.32886265723360e-01,-9.39849979634110e-01
9.64864864864865e+07	-3.35843924725337e-01,-9.38812231469238e-01
9.65465465465465e+07	-3.38798289574547e-01,-9.37765175992298e-01
9.66066066066066e+07	-3.41749330968972e-01,-9.36708823705639e-01
9.66666666666667e+07	-3.44697019640365e-01,-9.35643185203910e-01
9.67267267267267e+07	-3.47641326354524e-01,-9.34568271173987e-01
9.67867867867868e+07	-3.50582221911594e-01,-9.33484092394838e-01
9.68468468468468e+07	-3.53519677146351e-01,-9.32390659737419e-01
9.69069069069069e+07	-3.56453662928499e-01,-9.31287984164546e-01
9.69669669669670e+07	-3.59384150162947e-01,-9.30176076730817e-01
9.70270270270270e+07	-3.62311109790112e-01,-9.29054948582461e-01
9.70870870870871e+07	-3.65234512786201e-01,-9.27924610957235e-01
9.71471471471471e+07	-3.68154330163500e-01,-9.26785075184315e-01
9.72072072072072e+07	-3.71070532970663e-01,-9.25636352684164e-01
9.72672672672673e+07	-3.73983092293001e-01,-9.24478454968429e-01
9.73273273273273e+07	-3.76891979252767e-01,-9.23311393639809e-01
9.73873873873874e+07	-3.79797165009442e-01,-9.22135180391943e-01
9.74474474474474e+07	-3.82698620760025e-01,-9.20949827009282e-01
9.75075075075075e+07	-3.85596317739318e-01,-9.19755345366973e-01
9.75675675675676e+07	-3.88490227220210e-01,-9.18551747430735e-01
9.76276276276276e+07	-3.91380320513962e-01,-9.17339045256731e-01
9.76876876876877e+07	-3.94266568970499e-01,-9.16117250991449e-01
9.77477477477477e+07	-3.97148943978678e-01,-9.14886376871576e-01
9.78078078078078e+07	-4.00027416966598e-01,-9.13646435223856e-01
9.78678678678679e+07	-4.02901959401857e-01,-9.12397438464989e-01
9.79279279279279e+07	-4.05772542791850e-01,-9.11139399101485e-01
9.79879879879880e+07	-4.08639138684050e-01,-9.09872329729538e-01
9.80480480480480e+07	-4.11501718666285e-01,-9.08596243034902e-01
9.81081081081081e+07	-4.14360254367027e-01,-9.07311151792746e-01
9.81681681681682e+07	-4.17214717455674e-01,-9.06017068867535e-01
9.82282282282282e+07	-4.20065079642817e-01,-9.04714007212899e-01
9.82882882882883e+07	-4.22911312680544e-01,-9.03401979871482e-01
9.83483483483483e+07	-4.25753388362694e-01,-9.02080999974830e-01
9.84084084084084e+07	-4.28591278525163e-01,-9.00751080743239e-01
9.84684684684685e+07	-4.31424955046157e-01,-8.99412235485629e-01
9.85285285285285e+07	-4.34254389846494e-01,-8.98064477599395e-01
9.85885885885886e+07	-4.37079554889870e-01,-8.96707820570280e-01
9.86486486486486e+07	-4.39900422183136e-01,-8.95342277972236e-01
9.87087087087087e+07	-4.42716963776582e-01,-8.93967863467276e-01
9.87687687687688e+07	-4.45529151764210e-01,-8.92584590805337e-01
9.88288288288288e+07	-4.48336958284010e-01,-8.91192473824142e-01
9.88888888888889e+07	-4.51140355518241e-01,-8.89791526449052e-01
9.89489489489489e+07	-4.53939315693699e-01,-8.88381762692931e-01
9.90090090090090e+07	-4.56733811081996e-01,-8.86963196655991e-01
9.90690690690691e+07	-4.59523813999839e-01,-8.85535842525653e-01
9.91291291291291e+07	-4.62309296809293e-01,-8.84099714576405e-01
9.91891891891892e+07	-4.65090231918070e-01,-8.82654827169647e-01
9.92492492492492e+07	-4.67866591779786e-01,-8.81201194753548e-01
9.93093093093093e+07	-4.70638348894246e-01,-8.79738831862894e-01
9.93693693693694e+07	-4.73405475807711e-01,-8.78267753118950e-01
9.94294294294294e+07	-4.76167945113168e-01,-8.76787973229292e-01
9.94894894894895e+07	-4.78925729450607e-01,-8.75299506987671e-01
9.95495495495495e+07	-4.81678801507286e-01,-8.73802369273851e-01
9.96096096096096e+07	-4.84427134018003e-01,-8.72296575053469e-01
9.96696696696697e+07	-4.87170699765369e-01,-8.70782139377867e-01
9.97297297297297e+07	-4.89909471580072e-01,-8.69259077383940e-01
9.97897897897898e+07	-4.92643422341152e-01,-8.67727404293992e-01
9.98498498498498e+07	-4.95372524976258e-01,-8.66187135415576e-01
9.99099099099099e+07	-4.98096752461932e-01,-8.64638286141319e-01
9.99699699699700e+07	-5.00816077823863e-01,-8.63080871948792e-01
1.00030030030030e+08	-5.03530474137154e-01,-8.61514908400336e-01
1.00090090090090e+08	-5.06239914526602e-01,-8.59940411142901e-01
1.00150150150150e+08	-5.08944372166941e-01,-8.58357395907897e-01
1.00210210210210e+08	-5.11643820283132e-01,-8.56765878511010e-01
1.00270270270270e+08	-5.14338232150612e-01,-8.55165874852071e-01
1.00330330330330e+08	-5.17027581095553e-01,-8.53557400914876e-01
1.00390390390390e+08	-5.19711840495147e-01,-8.51940472767017e-01
1.00450450450450e+08	-5.22390983777846e-01,-8.50315106559728e-01
1.00510510510511e+08	-5.25064984423634e-01,-8.48681318527725e-01
1.00570570570571e+08	-5.27733815964300e-01,-8.47039124989016e-01
1.00630630630631e+08	-5.30397451983674e-01,-8.45388542344766e-01
1.00690690690691e+08	-5.33055866117917e-01,-8.43729587079094e-01
1.00750750750751e+08	-5.35709032055750e-01,-8.42062275758946e-01
1.00810810810811e+08	-5.38356923538745e-01,-8.40386625033885e-01
1.00870870870871e+08	-5.40999514361561e-01,-8.38702651635953e-01
1.00930930930931e+08	-5.43636778372214e-01,-8.37010372379471e-01
1.00990990990991e+08	-5.46268689472332e-01,-8.35309804160894e-01
1.01051051051051e+08	-5.48895221617408e-01,-8.33600963958625e-01
1.01111111111111e+08	-5.51516348817065e-01,-8.31883868832846e-01
1.01171171171171e+08	-5.54132045135309e-01,-8.30158535925333e-01
1.01231231231231e+08	-5.56742284690782e-01,-8.28424982459295e-01
1.01291291291291e+08	-5.59347041657022e-01,-8.26683225739193e-01
1.01351351351351e+08	-5.61946290262713e-01,-8.24933283150560e-01
1.01411411411411e+08	-5.64540004791940e-01,-8.23175172159836e-01
1.01471471471471e+08	-5.67128159584445e-01,-8.21408910314172e-01
1.01531531531532e+08	-5.69710729035879e-01,-8.19634515241259e-01
1.01591591591592e+08	-5.72287687598057e-01,-8.17852004649150e-01
1.01651651651652e+08	-5.74859009779195e-01,-8.16061396326087e-01
1.01711711711712e+08	-5.77424670144181e-01,-8.14262708140305e-01
1.01771771771772e+08	-5.79984643314821e-01,-8.12455958039850e-01
1.01831831831832e+08	-5.82538903970075e-01,-8.10641164052414e-01
1.01891891891892e+08	-5.85087426846322e-01,-8.08818344285134e-01
1.01951951951952e+08	-5.87630186737602e-01,-8.06987516924408e-01
1.02012012012012e+08	-5.90167158495859e-01,-8.05148700235738e-01
1.02072072072072e+08	-5.92698317031208e-01,-8.03301912563486e-01
1.02132132132132e+08	-5.95223637312153e-01,-8.01447172330756e-01
1.02192192192192e+08	-5.97743094365862e-01,-7.99584498039146e-01
1.02252252252252e+08	-6.00256663278388e-01,-7.97713908268611e-01
1.02312312312312e+08	-6.02764319194937e-01,-7.95835421677228e-01
1.02372372372372e+08	-6.05266037320088e-01,-7.93949057001050e-01
1.02432432432432e+08	-6.07761792918062e-01,-7.92054833053872e-01
1.02492492492492e+08	-6.10251561312945e-01,-7.90152768727078e-01
1.02552552552553e+08	-6.12735317888945e-01,-7.88242882989416e-01
1.02612612612613e+08	-6.15213038090617e-01,-7.86325194886843e-01
1.02672672672673e+08	-6.17684697423129e-01,-7.84399723542291e-01
1.02732732732733e+08	-6.20150271452475e-01,-7.82466488155500e-01
1.02792792792793e+08	-6.22609735805743e-01,-7.80525508002810e-01
1.02852852852853e+08	-6.25063066171326e-01,-7.78576802436977e-01
1.02912912912913e+08	-6.27510238299184e-01,-7.76620390886961e-01
1.02972972972973e+08	-6.29951228001071e-01,-7.74656292857746e-01
1.03033033033033e+08	-6.32386011150774e-01,-7.72684527930121e-01
1.03093093093093e+08	-6.34814563684353e-01,-7.70705115760499e-01
1.03153153153153e+08	-6.37236861600369e-01,-7.68718076080720e-01
1.03213213213213e+08	-6.39652880960134e-01,-7.66723428697826e-01
1.03273273273273e+08	-6.42062597887930e-01,-7.64721193493892e-01
1.03333333333333e+08	-6.44465988571257e-01,-7.62711390425794e-01
1.03393393393393e+08	-6.46863029261055e-01,-7.60694039525034e-01
1.03453453453453e+08	-6.49253696271946e-01,-7.58669160897515e-01
1.03513513513514e+08	-6.51637965982460e-01,-7.56636774723356e-01
1.03573573573574e+08	-6.54015814835275e-01,-7.54596901256663e-01
1.03633633633634e+08	-6.56387219337434e-01,-7.52549560825358e-01
1.03693693693694e+08	-6.58752156060589e-01,-7.50494773830936e-01
1.03753753753754e+08	-6.61110601641226e-01,-7.48432560748283e-01
1.03813813813814e+08	-6.63462532780894e-01,-7.46362942125456e-01
1.03873873873874e+08	-6.65807926246426e-01,-7.44285938583498e-01
1.03933933933934e+08	-6.68146758870184e-01,-7.42201570816180e-01
1.03993993993994e+08	-6.70479007550267e-01,-7.40109859589853e-01
1.04054054054054e+08	-6.72804649250748e-01,-7.38010825743192e-01
1.04114114114114e+08	-6.75123661001899e-01,-7.35904490187005e-01
1.04174174174174e+08	-6.77436019900414e-01,-7.33790873904009e-01
1.04234234234234e+08	-6.79741703109638e-01,-7.31669997948627e-01
1.04294294294294e+08	-6.82040687859770e-01,-7.29541883446795e-01
1.04354354354354e+08	-6.84332951448120e-01,-7.27406551595700e-01
1.04414414414414e+08	-6.86618471239310e-01,-7.25264023663594e-01
1.04474474474474e+08	-6.88897224665493e-01,-7.23114320989588e-01
1.04534534534535e+08	-6.91169189226579e-01,-7.20957464983428e-01
1.04594594594595e+08	-6.93434342490461e-01,-7.18793477125267e-01
1.04654654654655e+08	-6.95692662093227e-01,-7.16622378965455e-01
1.04714714714715e+08	-6.97944125739380e-01,-7.14444192124330e-01
1.04774774774775e+08	-7.00188711202060e-01,-7.12258938291987e-01
1.04834834834835e+08	-7.02426396323252e-01,-7.10066639228068e-01
1.04894894894895e+08	-7.04657159014014e-01,-7.07867316761537e-01
1.04954954954955e+08	-7.06880977254689e-01,-7.05660992790451e-01
1.05015015015015e+08	-7.09097829095112e-01,-7.03447689281767e-01
1.05075075075075e+08	-7.11307692654833e-01,-7.01227428271093e-01
1.05135135135135e+08	-7.13510546123337e-01,-6.99000231862466e-01
1.05195195195195e+08	-7.15706367760242e-01,-6.96766122228141e-01
1.05255255255255e+08	-7.17895135895513e-01,-6.94525121608379e-01
1.05315315315315e+08	-7.20076828929693e-01,-6.92277252311182e-01
1.05375375375375e+08	-7.22251425334089e-01,-6.90022536712109e-01
1.05435435435435e+08	-7.24418903650997e-01,-6.87760997254023e-01
1.05495495495495e+08	-7.26579242493904e-01,-6.85492656446890e-01
1.05555555555556e+08	-7.28732420547703e-01,-6.83217536867523e-01
1.05615615615616e+08	-7.30878416568897e-01,-6.80935661159378e-01
1.05675675675676e+08	-7.33017209385811e-01,-6.78647052032298e-01
1.05735735735736e+08	-7.35148777898788e-01,-6.76351732262328e-01
1.05795795795796e+08	-7.37273101080403e-01,-6.74049724691450e-01
1.05855855855856e+08	-7.39390157975672e-01,-6.71741052227343e-01
1.05915915915916e+08	-7.41499927702244e-01,-6.69425737843203e-01
1.05975975975976e+08	-7.43602389450615e-01,-6.67103804577455e-01
1.06036036036036e+08	-7.45697522484324e-01,-6.64775275533564e-01
1.06096096096096e+08	-7.47785306140163e-01,-6.62440173879760e-01
1.06156156156156e+08	-7.49865719828366e-01,-6.60098522848860e-01
1.06216216216216e+08	-7.51938743032826e-01,-6.57750345737968e-01
1.06276276276276e+08	-7.54004355311275e-01,-6.55395665908308e-01
1.06336336336336e+08	-7.56062536295502e-01,-6.53034506784933e-01
1.06396396396396e+08	-7.58113265691541e-01,-6.50666891856514e-01
1.06456456456456e+08	-7.60156523279869e-01,-6.48292844675110e-01
1.06516516516517e+08	-7.62192288915601e-01,-6.45912388855924e-01
1.06576576576577e+08	-7.64220542528700e-01,-6.43525548077042e-01
1.06636636636637e+08	-7.66241264124151e-01,-6.41132346079242e-01
1.06696696696697e+08	-7.68254433782165e-01,-6.38732806665724e-01
1.06756756756757e+08	-7.70260031658383e-01,-6.36326953701859e-01
1.06816816816817e+08	-7.72258037984055e-01,-6.33914811114979e-01
1.06876876876877e+08	-7.74248433066232e-01,-6.31496402894130e-01
1.06936936936937e+08	-7.76231197287968e-01,-6.29071753089813e-01
1.06996996996997e+08	-7.78206311108501e-01,-6.26640885813753e-01
1.07057057057057e+08	-7.80173755063452e-01,-6.24203825238661e-01
1.07117117117117e+08	-7.82133509765002e-01,-6.21760595597982e-01
1.07177177177177e+08	-7.84085555902091e-01,-6.19311221185666e-01
1.07237237237237e+08	-7.86029874240598e-01,-6.16855726355904e-01
1.07297297297297e+08	-7.87966445623537e-01,-6.14394135522896e-01
1.07357357357357e+08	-7.89895250971231e-01,-6.11926473160604e-01
1.07417417417417e+08	-7.91816271281503e-01,-6.09452763802514e-01
1.07477477477477e+08	-7.93729487629868e-01,-6.06973032041358e-01
1.07537537537538e+08	-7.95634881169702e-01,-6.04487302528913e-01
1.07597597597598e+08	-7.97532433132433e-01,-6.01995599975719e-01
1.07657657657658e+08	-7.99422124827724e-01,-5.99497949150844e-01
1.07717717717718e+08	-8.01303937643651e-01,-5.96994374881636e-01
1.07777777777778e+08	-8.03177853046887e-01,-5.94484902053461e-01
1.07837837837838e+08	-8.05043852582876e-01,-5.91969555609476e-01
1.07897897897898e+08	-8.06901917876011e-01,-5.89448360550369e-01
1.07957957957958e+08	-8.08752030629828e-01,-5.86921341934088e-01
1.08018018018018e+08	-8.10594172627159e-01,-5.84388524875623e-01
1.08078078078078e+08	-8.12428325730330e-01,-5.81849934546726e-01
1.08138138138138e+08	-8.14254471881318e-01,-5.79305596175687e-01
1.08198198198198e+08	-8.16072593101941e-01,-5.76755535047049e-01
1.08258258258258e+08	-8.17882671494027e-01,-5.74199776501372e-01
1.08318318318318e+08	-8.19684689239582e-01,-5.71638345934984e-01
1.08378378378378e+08	-8.21478628600967e-01,-5.69071268799721e-01
1.08438438438438e+08	-8.23264471921076e-01,-5.66498570602651e-01
1.08498498498498e+08	-8.25042201623488e-01,-5.63920276905864e-01
1.08558558558559e+08	-8.26811800212658e-01,-5.61336413326171e-01
1.08618618618619e+08	-8.28573250274070e-01,-5.58747005534882e-01
1.08678678678679e+08	-8.30326534474422e-01,-5.56152079257508e-01
1.08738738738739e+08	-8.32071635561774e-01,-5.53551660273545e-01
1.08798798798799e+08	-8.33808536365725e-01,-5.50945774416209e-01
1.08858858858859e+08	-8.35537219797582e-01,-5.48334447572145e-01
1.08918918918919e+08	-8.37257668850520e-01,-5.45717705681200e-01
1.08978978978979e+08	-8.38969866599748e-01,-5.43095574736148e-01
1.09039039039039e+08	-8.40673796202666e-01,-5.40468080782451e-01
1.09099099099099e+08	-8.42369440899042e-01,-5.37835249917954e-01
1.09159159159159e+08	-8.44056784011154e-01,-5.35197108292682e-01
1.09219219219219e+08	-8.45735808943972e-01,-5.32553682108521e-01
1.09279279279279e+08	-8.47406499185300e-01,-5.29904997619011e-01
1.09339339339339e+08	-8.49068838305947e-01,-5.27251081129028e-01
1.09399399399399e+08	-8.50722809959877e-01,-5.24591958994569e-01
1.09459459459459e+08	-8.52368397884375e-01,-5.21927657622454e-01
1.09519519519520e+08	-8.54005585900195e-01,-5.19258203470089e-01
1.09579579579580e+08	-8.55634357911724e-01,-5.16583623045169e-01
1.09639639639640e+08	-8.57254697907131e-01,-5.13903942905449e-01
1.09699699699700e+08	-8.58866589958521e-01,-5.11219189658458e-01
1.09759759759760e+08	-8.60470018222093e-01,-5.08529389961233e-01
1.09819819819820e+08	-8.62064966938292e-01,-5.05834570520047e-01
1.09879879879880e+08	-8.63651420431952e-01,-5.03134758090175e-01
1.09939939939940e+08	-8.65229363112460e-01,-5.00429979475576e-01
1.10000000000000e+08	-8.66798779473894e-01,-4.97720261528669e-01
1.10060060060060e+08	-8.68359654095179e-01,-4.95005631150047e-01
1.10120120120120e+08	-8.69911971640235e-01,-4.92286115288198e-01
1.10180180180180e+08	-8.71455716858119e-01,-4.89561740939260e-01
1.10240240240240e+08	-8.72990874583176e-01,-4.86832535146731e-01
1.10300300300300e+08	-8.74517429735188e-01,-4.84098525001201e-01
1.10360360360360e+08	-8.76035367319511e-01,-4.81359737640090e-01
1.10420420420420e+08	-8.77544672427220e-01,-4.78616200247390e-01
1.10480480480480e+08	-8.79045330235260e-01,-4.75867940053350e-01
1.10540540540541e+08	-8.80537326006576e-01,-4.73114984334252e-01
1.10600600600601e+08	-8.82020645090269e-01,-4.70357360412105e-01
1.10660660660661e+08	-8.83495272921722e-01,-4.67595095654398e-01
1.10720720720721e+08	-8.84961195022747e-01,-4.64828217473802e-01
1.10780780780781e+08	-8.86418397001725e-01,-4.62056753327924e-01
1.10840840840841e+08	-8.87866864553742e-01,-4.59280730718996e-01
1.10900900900901e+08	-8.89306583460721e-01,-4.56500177193650e-01
1.10960960960961e+08	-8.90737539591566e-01,-4.53715120342599e-01
1.11021021021021e+08	-8.92159718902295e-01,-4.50925587800379e-01
1.11081081081081e+08	-8.93573107436170e-01,-4.48131607245077e-01
1.11141141141141e+08	-8.94977691323836e-01,-4.45333206398063e-01
1.11201201201201e+08	-8.96373456783452e-01,-4.42530413023677e-01
1.11261261261261e+08	-8.97760390120821e-01,-4.39723254928999e-01
1.11321321321321e+08	-8.99138477729521e-01,-4.36911759963540e-01
1.11381381381381e+08	-9.00507706091038e-01,-4.34095956018979e-01
1.11441441441441e+08	-9.01868061774891e-01,-4.31275871028883e-01
1.11501501501502e+08	-9.03219531438766e-01,-4.28451532968416e-01
1.11561561561562e+08	-9.04562101828636e-01,-4.25622969854085e-01
1.11621621621622e+08	-9.05895759778891e-01,-4.22790209743440e-01
1.11681681681682e+08	-9.07220492212466e-01,-4.19953280734804e-01
1.11741741741742e+08	-9.08536286140965e-01,-4.17112210966983e-01
1.11801801801802e+08	-9.09843128664778e-01,-4.14267028618999e-01
1.11861861861862e+08	-9.11141006973214e-01,-4.11417761909808e-01
1.11921921921922e+08	-9.12429908344616e-01,-4.08564439098011e-01
1.11981981981982e+08	-9.13709820146485e-01,-4.05707088481573e-01
1.12042042042042e+08	-9.14980729835597e-01,-4.02845738397555e-01
1.12102102102102e+08	-9.16242624958131e-01,-3.99980417221811e-01
1.12162162162162e+08	-9.17495493149776e-01,-3.97111153368722e-01
1.12222222222222e+08	-9.18739322135856e-01,-3.94237975290911e-01
1.12282282282282e+08	-9.19974099731445e-01,-3.91360911478951e-01
1.12342342342342e+08	-9.21199813841482e-01,-3.88479990461094e-01
1.12402402402402e+08	-9.22416452460887e-01,-3.85595240802972e-01
1.12462462462462e+08	-9.23624003674673e-01,-3.82706691107331e-01
1.12522522522523e+08	-9.24822455658063e-01,-3.79814370013737e-01
1.12582582582583e+08	-9.26011796676598e-01,-3.76918306198280e-01
1.12642642642643e+08	-9.27192015086251e-01,-3.74018528373310e-01
1.12702702702703e+08	-9.28363099333533e-01,-3.71115065287150e-01
1.12762762762763e+08	-9.29525037955612e-01,-3.68207945723781e-01
1.12822822822823e+08	-9.30677819580412e-01,-3.65297198502597e-01
1.12882882882883e+08	-9.31821432926723e-01,-3.62382852478085e-01
1.12942942942943e+08	-9.32955866804311e-01,-3.59464936539565e-01
1.13003003003003e+08	-9.34081110114024e-01,-3.56543479610875e-01
1.13063063063063e+08	-9.35197151847888e-01,-3.53618510650120e-01
1.13123123123123e+08	-9.36303981089225e-01,-3.50690058649338e-01
1.13183183183183e+08	-9.37401587012748e-01,-3.47758152634252e-01
1.13243243243243e+08	-9.38489958884659e-01,-3.44822821663968e-01
1.13303303303303e+08	-9.39569086062763e-01,-3.41884094830683e-01
1.13363363363363e+08	-9.40638957996557e-01,-3.38942001259391e-01
1.13423423423423e+08	-9.41699564227333e-01,-3.35996570107615e-01
1.13483483483483e+08	-9.42750894388281e-01,-3.33047830565088e-01
1.13543543543544e+08	-9.43792938204579e-01,-3.30095811853494e-01
1.13603603603604e+08	-9.44825685493496e-01,-3.27140543226159e-01
1.13663663663664e+08	-9.45849126164486e-01,-3.24182053967757e-01
1.13723723723724e+08	-9.46863250219281e-01,-3.21220373394038e-01
1.13783783783784e+08	-9.47868047751988e-01,-3.18255530851519e-01
1.13843843843844e+08	-9.48863508949179e-01,-3.15287555717207e-01
1.13903903903904e+08	-9.49849624089989e-01,-3.12316477398287e-01
1.13963963963964e+08	-9.50826383546198e-01,-3.09342325331864e-01
1.14024024024024e+08	-9.51793777782330e-01,-3.06365128984638e-01
1.14084084084084e+08	-9.52751797355739e-01,-3.03384917852629e-01
1.14144144144144e+08	-9.53700432916696e-01,-3.00401721460878e-01
1.14204204204204e+08	-9.54639675208479e-01,-2.97415569363161e-01
1.14264264264264e+08	-9.55569515067460e-01,-2.94426491141692e-01
1.14324324324324e+08	-9.56489943423188e-01,-2.91434516406825e-01
1.14384384384384e+08	-9.57400951298479e-01,-2.88439674796759e-01
1.14444444444444e+08	-9.58302529809490e-01,-2.85441995977272e-01
1.14504504504505e+08	-9.59194670165815e-01,-2.82441509641391e-01
1.14564564564565e+08	-9.60077363670555e-01,-2.79438245509109e-01
1.14624624624625e+08	-9.60950601720410e-01,-2.76432233327095e-01
1.14684684684685e+08	-9.61814375805750e-01,-2.73423502868418e-01
1.14744744744745e+08	-9.62668677510700e-01,-2.70412083932199e-01
1.14804804804805e+08	-9.63513498513217e-01,-2.67398006343371e-01
1.14864864864865e+08	-9.64348830585164e-01,-2.64381299952359e-01
1.14924924924925e+08	-9.65174665592392e-01,-2.61361994634786e-01
1.14984984984985e+08	-9.65990995494814e-01,-2.58340120291174e-01
1.15045045045045e+08	-9.66797812346476e-01,-2.55315706846657e-01
1.15105105105105e+08	-9.67595108295635e-01,-2.52288784250682e-01
1.15165165165165e+08	-9.68382875584830e-01,-2.49259382476701e-01
1.15225225225225e+08	-9.69161106550954e-01,-2.46227531521901e-01
1.15285285285285e+08	-9.69929793625326e-01,-2.43193261406862e-01
1.15345345345345e+08	-9.70688929333756e-01,-2.40156602175319e-01
1.15405405405405e+08	-9.71438506296623e-01,-2.37117583893818e-01
1.15465465465465e+08	-9.72178517228937e-01,-2.34076236651436e-01
1.15525525525526e+08	-9.72908954940406e-01,-2.31032590559474e-01
1.15585585585586e+08	-9.73629812335503e-01,-2.27986675751191e-01
1.15645645645646e+08	-9.74341082413534e-01,-2.24938522381449e-01
1.15705705705706e+08	-9.75042758268699e-01,-2.21888160626475e-01
1.15765765765766e+08	-9.75734833090158e-01,-2.18835620683517e-01
1.15825825825826e+08	-9.76417300162090e-01,-2.15780932770577e-01
1.15885885885886e+08	-9.77090152863761e-01,-2.12724127126082e-01
1.15945945945946e+08	-9.77753384669576e-01,-2.09665234008628e-01
1.16006006006006e+08	-9.78406989149144e-01,-2.06604283696622e-01
1.16066066066066e+08	-9.79050959967340e-01,-2.03541306488046e-01
1.16126126126126e+08	-9.79685290884353e-01,-2.00476332700108e-01
1.16186186186186e+08	-9.80309975755754e-01,-1.97409392668960e-01
1.16246246246246e+08	-9.80925008532541e-01,-1.94340516749420e-01
1.16306306306306e+08	-9.81530383261206e-01,-1.91269735314631e-01
1.16366366366366e+08	-9.82126094083778e-01,-1.88197078755788e-01
1.16426426426426e+08	-9.82712135237882e-01,-1.85122577481830e-01
1.16486486486486e+08	-9.83288501056791e-01,-1.82046261919156e-01
1.16546546546547e+08	-9.83855185969476e-01,-1.78968162511280e-01
1.16606606606607e+08	-9.84412184500655e-01,-1.75888309718594e-01
1.16666666666667e+08	-9.84959491270846e-01,-1.72806734018005e-01
1.16726726726727e+08	-9.85497100996412e-01,-1.69723465902674e-01
1.16786786786787e+08	-9.86025008489610e-01,-1.66638535881705e-01
1.16846846846847e+08	-9.86543208658639e-01,-1.63551974479847e-01
1.16906906906907e+08	-9.87051696507681e-01,-1.60463812237166e-01
1.16966966966967e+08	-9.87550467136950e-01,-1.57374079708799e-01
1.17027027027027e+08	-9.88039515742737e-01,-1.54282807464578e-01
1.17087087087087e+08	-9.88518837617444e-01,-1.51190026088809e-01
1.17147147147147e+08	-9.88988428149639e-01,-1.48095766179897e-01
1.17207207207207e+08	-9.89448282824083e-01,-1.45000058350110e-01
1.17267267267267e+08	-9.89898397221782e-01,-1.41902933225209e-01
1.17327327327327e+08	-9.90338767020017e-01,-1.38804421444218e-01
1.17387387387387e+08	-9.90769387992389e-01,-1.35704553659046e-01
1.17447447447447e+08	-9.91190256008850e-01,-1.32603360534255e-01
1.17507507507508e+08	-9.91601367035742e-01,-1.29500872746717e-01
1.17567567567568e+08	-9.92002717135835e-01,-1.26397120985318e-01
1.17627627627628e+08	-9.92394302468355e-01,-1.23292135950652e-01
1.17687687687688e+08	-9.92776119289022e-01,-1.20185948354739e-01
1.17747747747748e+08	-9.93148163950083e-01,-1.17078588920709e-01
1.17807807807808e+08	-9.93510432900338e-01,-1.13970088382472e-01
1.17867867867868e+08	-9.93862922685177e-01,-1.10860477484478e-01
1.17927927927928e+08	-9.94205629946604e-01,-1.07749786981338e-01
1.17987987987988e+08	-9.94538551423270e-01,-1.04638047637598e-01
1.18048048048048e+08	-9.94861683950498e-01,-1.01525290227373e-01
1.18108108108108e+08	-9.95175024460309e-01,-9.84115455340668e-02
1.18168168168168e+08	-9.95478569981452e-01,-9.52968443500935e-02
1.18228228228228e+08	-9.95772317639423e-01,-9.21812174765306e-02
1.18288288288288e+08	-9.96056264656495e-01,-8.90646957228354e-02
1.18348348348348e+08	-9.96330408351734e-01,-8.59473099065602e-02
1.18408408408408e+08	-9.96594746141025e-01,-8.28290908530164e-02
1.18468468468468e+08	-9.96849275537097e-01,-7.97100693949880e-02
1.18528528528529e+08	-9.97093994149533e-01,-7.65902763724200e-02
1.18588588588589e+08	-9.97328899684797e-01,-7.34697426321405e-02
1.18648648648649e+08	-9.97553989946252e-01,-7.03484990275114e-02
1.18708708708709e+08	-9.97769262834172e-01,-6.72265764181679e-02
1.18768768768769e+08	-9.97974716345762e-01,-6.41040056696873e-02
1.18828828828829e+08	-9.98170348575174e-01,-6.09808176532947e-02
1.18888888888889e+08	-9.98356157713518e-01,-5.78570432455595e-02
1.18948948948949e+08	-9.98532142048879e-01,-5.47327133281056e-02
1.19009009009009e+08	-9.98698299966329e-01,-5.16078587872681e-02
1.19069069069069e+08	-9.98854629947935e-01,-4.84825105138356e-02
1.19129129129129e+08	-9.99001130572773e-01,-4.53566994027127e-02
1.19189189189189e+08	-9.99137800516936e-01,-4.22304563526318e-02
1.19249249249249e+08	-9.99264638553545e-01,-3.91038122658478e-02
1.19309309309309e+08	-9.99381643552752e-01,-3.59767980478366e-02
1.19369369369369e+08	-9.99488814481756e-01,-3.28494446069668e-02
1.19429429429429e+08	-9.99586150404794e-01,-2.97217828542434e-02
1.19489489489489e+08	-9.99673650483161e-01,-2.65938437029540e-02
1.19549549549550e+08	-9.99751313975207e-01,-2.34656580683927e-02
1.19609609609610e+08	-9.99819140236337e-01,-2.03372568675626e-02
1.19669669669670e+08	-9.99877128719020e-01,-1.72086710188472e-02
1.19729729729730e+08	-9.99925278972785e-01,-1.40799314417107e-02
1.19789789789790e+08	-9.99963590644223e-01,-1.09510690564184e-02
1.19849849849850e+08	-9.99992063476987e-01,-7.82211478371999e-03
1.19909909909910e+08	-1.00001069731179e+00,-4.69309954452286e-03
1.19969969969970e+08	-1.00001949208639e+00,-1.56405425961690e-03
1.20030030030030e+08	-1.00001844783562e+00,1.56499015063008e-03
1.20090090090090e+08	-1.00000756469135e+00,4.69400276660153e-03
1.20150150150150e+08	-9.99986842882483e-01,7.82295266970369e-03
1.20210210210210e+08	-9.99956282734974e-01,1.09518089426878e-02
1.20270270270270e+08	-9.99915884671800e-01,1.40805406699682e-02
1.20330330330330e+08	-9.99865649212958e-01,1.72091169378822e-02
1.20390390390390e+08	-9.99805576975459e-01,2.03375068350296e-02
1.20450450450450e+08	-9.99735668673314e-01,2.34656794525844e-02
1.20510510510511e+08	-9.99655925117523e-01,2.65936038845534e-02
1.20570570570571e+08	-9.99566347216065e-01,2.97212492281212e-02
1.20630630630631e+08	-9.99466935973883e-01,3.28485845839370e-02
1.20690690690691e+08	-9.99357692492871e-01,3.59755790564220e-02
1.20750750750751e+08	-9.99238617971860e-01,3.91022017540749e-02
1.20810810810811e+08	-9.99109713706598e-01,4.22284217897586e-02
1.20870870870871e+08	-9.98970981089737e-01,4.53542082810298e-02
1.20930930930931e+08	-9.98822421610817e-01,4.84795303504169e-02
1.20990990990991e+08	-9.98664036856239e-01,5.16043571257420e-02
1.21051051051051e+08	-9.98495828509257e-01,5.47286577404156e-02
1.21111111111111e+08	-9.98317798349945e-01,5.78524013337318e-02
1.21171171171171e+08	-9.98129948255186e-01,6.09755570512002e-02
1.21231231231231e+08	-9.97932280198644e-01,6.40980940448002e-02
1.21291291291291e+08	-9.97724796250740e-01,6.72199814733329e-02
1.21351351351351e+08	-9.97507498578632e-01,7.03411885026921e-02
1.21411411411411e+08	-9.97280389446184e-01,7.34616843061854e-02
1.21471471471471e+08	-9.97043471213944e-01,7.65814380648073e-02
1.21531531531532e+08	-9.96796746339117e-01,7.97004189675913e-02
1.21591591591592e+08	-9.96540217375533e-01,8.28185962118610e-02
1.21651651651652e+08	-9.96273886973621e-01,8.59359390035620e-02
1.21711711711712e+08	-9.95997757880379e-01,8.90524165575553e-02
1.21771771771772e+08	-9.95711832939341e-01,9.21679980979203e-02
1.21831831831832e+08	-9.95416115090548e-01,9.52826528582473e-02
1.21891891891892e+08	-9.95110607370511e-01,9.83963500819658e-02
1.21951951951952e+08	-9.94795312912184e-01,1.01509059022614e-01
1.22012012012012e+08	-9.94470234944921e-01,1.04620748944144e-01
1.22072072072072e+08	-9.94135376794446e-01,1.07731389121262e-01
1.22132132132132e+08	-9.93790741882816e-01,1.10840948839680e-01
1.22192192192192e+08	-9.93436333728381e-01,1.13949397396440e-01
1.22252252252252e+08	-9.93072155945748e-01,1.17056704100209e-01
1.22312312312312e+08	-9.92698212245740e-01,1.20162838271592e-01
1.22372372372372e+08	-9.92314506435355e-01,1.23267769243426e-01
1.22432432432432e+08	-9.91921042417728e-01,1.26371466361065e-01
1.22492492492492e+08	-9.91517824192090e-01,1.29473898982688e-01
1.22552552552553e+08	-9.91104855853713e-01,1.32575036479629e-01
1.22612612612613e+08	-9.90682141593884e-01,1.35674848236631e-01
1.22672672672673e+08	-9.90249685699846e-01,1.38773303652178e-01
1.22732732732733e+08	-9.89807492554758e-01,1.41870372138772e-01
1.22792792792793e+08	-9.89355566637646e-01,1.44966023123267e-01
1.22852852852853e+08	-9.88893912523359e-01,1.48060226047117e-01
1.22912912912913e+08	-9.88422534882516e-01,1.51152950366725e-01
1.22972972972973e+08	-9.87941438481459e-01,1.54244165553707e-01
1.23033033033033e+08	-9.87450628182199e-01,1.57333841095222e-01
1.23093093093093e+08	-9.86950108942372e-01,1.60421946494231e-01
1.23153153153153e+08	-9.86439885815178e-01,1.63508451269833e-01
1.23213213213213e+08	-9.85919963949332e-01,1.66593324957546e-01
1.23273273273273e+08	-9.85390348589011e-01,1.69676537109612e-01
1.23333333333333e+08	-9.84851045073795e-01,1.72758057295281e-01
1.23393393393393e+08	-9.84302058838615e-01,1.75837855101113e-01
1.23453453453453e+08	-9.83743395413692e-01,1.78915900131300e-01
1.23513513513514e+08	-9.83175060424483e-01,1.81992162007940e-01
1.23573573573574e+08	-9.82597059591620e-01,1.85066610371322e-01
1.23633633633634e+08	-9.82009398730850e-01,1.88139214880243e-01
1.23693693693694e+08	-9.81412083752975e-01,1.91209945212328e-01
1.23753753753754e+08	-9.80805120663790e-01,1.94278771064267e-01
1.23813813813814e+08	-9.80188515564022e-01,1.97345662152166e-01
1.23873873873874e+08	-9.79562274649264e-01,2.00410588211800e-01
1.23933933933934e+08	-9.78926404209912e-01,2.03473518998960e-01
1.23993993993994e+08	-9.78280910631102e-01,2.06534424289687e-01
1.24054054054054e+08	-9.77625800392638e-01,2.09593273880629e-01
1.24114114114114e+08	-9.76961080068932e-01,2.12650037589279e-01
1.24174174174174e+08	-9.76286756328929e-01,2.15704685254334e-01
1.24234234234234e+08	-9.75602835936045e-01,2.18757186735916e-01
1.24294294294294e+08	-9.74909325748092e-01,2.21807511915928e-01
1.24354354354354e+08	-9.74206232717209e-01,2.24855630698315e-01
1.24414414414414e+08	-9.73493563889789e-01,2.27901513009384e-01
1.24474474474474e+08	-9.72771326406410e-01,2.30945128798059e-01
1.24534534534535e+08	-9.72039527501759e-01,2.33986448036218e-01
1.24594594594595e+08	-9.71298174504558e-01,2.37025440718953e-01
1.24654654654655e+08	-9.70547274837488e-01,2.40062076864881e-01
1.24714714714715e+08	-9.69786836017112e-01,2.43096326516443e-01
1.24774774774775e+08	-9.69016865653801e-01,2.46128159740176e-01
1.24834834834835e+08	-9.68237371451657e-01,2.49157546627009e-01
1.24894894894895e+08	-9.67448361208424e-01,2.52184457292581e-01
1.24954954954955e+08	-9.66649842815425e-01,2.55208861877498e-01
1.25015015015015e+08	-9.65841824257464e-01,2.58230730547650e-01
1.25075075075075e+08	-9.65024313612757e-01,2.61250033494492e-01
1.25135135135135e+08	-9.64197319052842e-01,2.64266740935331e-01
1.25195195195195e+08	-9.63360848842501e-01,2.67280823113628e-01
1.25255255255255e+08	-9.62514911339670e-01,2.70292250299279e-01
1.25315315315315e+08	-9.61659514995360e-01,2.73300992788920e-01
1.25375375375375e+08	-9.60794668353566e-01,2.76307020906185e-01
1.25435435435435e+08	-9.59920380051181e-01,2.79310305002043e-01
1.25495495495495e+08	-9.59036658817910e-01,2.82310815455041e-01
1.25555555555556e+08	-9.58143513476181e-01,2.85308522671623e-01
1.25615615615616e+08	-9.57240952941052e-01,2.88303397086410e-01
1.25675675675676e+08	-9.56328986220123e-01,2.91295409162494e-01
1.25735735735736e+08	-9.55407622413446e-01,2.94284529391703e-01
1.25795795795796e+08	-9.54476870713432e-01,2.97270728294923e-01
1.25855855855856e+08	-9.53536740404752e-01,3.00253976422367e-01
1.25915915915916e+08	-9.52587240864251e-01,3.03234244353864e-01
1.25975975975976e+08	-9.51628381560849e-01,3.06211502699143e-01
1.26036036036036e+08	-9.50660172055447e-01,3.09185722098127e-01
1.26096096096096e+08	-9.49682622000824e-01,3.12156873221226e-01
1.26156156156156e+08	-9.48695741141551e-01,3.15124926769593e-01
1.26216216216216e+08	-9.47699539313879e-01,3.18089853475451e-01
1.26276276276276e+08	-9.46694026445650e-01,3.21051624102348e-01
1.26336336336336e+08	-9.45679212556192e-01,3.24010209445456e-01
1.26396396396396e+08	-9.44655107756217e-01,3.26965580331854e-01
1.26456456456456e+08	-9.43621722247725e-01,3.29917707620799e-01
1.26516516516517e+08	-9.42579066323890e-01,3.32866562204044e-01
1.26576576576577e+08	-9.41527150368967e-01,3.35812115006086e-01
1.26636636636637e+08	-9.40465984858183e-01,3.38754336984462e-01
1.26696696696697e+08	-9.39395580357629e-01,3.41693199130040e-01
1.26756756756757e+08	-9.38315947524158e-01,3.44628672467303e-01
1.26816816816817e+08	-9.37227097105274e-01,3.47560728054607e-01
1.26876876876877e+08	-9.36129039939027e-01,3.50489336984497e-01
1.26936936936937e+08	-9.35021786953900e-01,3.53414470383965e-01
1.26996996996997e+08	-9.33905349168704e-01,3.56336099414745e-01
1.27057057057057e+08	-9.32779737692462e-01,3.59254195273587e-01
1.27117117117117e+08	-9.31644963724303e-01,3.62168729192525e-01
1.27177177177177e+08	-9.30501038553341e-01,3.65079672439202e-01
1.27237237237237e+08	-9.29347973558571e-01,3.67986996317098e-01
1.27297297297297e+08	-9.28185780208751e-01,3.70890672165834e-01
1.27357357357357e+08	-9.27014470062283e-01,3.73790671361457e-01
1.27417417417417e+08	-9.25834054767102e-01,3.76686965316707e-01
1.27477477477477e+08	-9.24644546060560e-01,3.79579525481293e-01
1.27537537537538e+08	-9.23445955769301e-01,3.82468323342199e-01
1.27597597597598e+08	-9.22238295809151e-01,3.85353330423920e-01
1.27657657657658e+08	-9.21021578184994e-01,3.88234518288766e-01
1.27717717717718e+08	-9.19795814990651e-01,3.91111858537146e-01
1.27777777777778e+08	-9.18561018408761e-01,3.93985322807821e-01
1.27837837837838e+08	-9.17317200710661e-01,3.96854882778184e-01
1.27897897897898e+08	-9.16064374256256e-01,3.99720510164568e-01
1.27957957957958e+08	-9.14802551493902e-01,4.02582176722482e-01
1.28018018018018e+08	-9.13531744960280e-01,4.05439854246898e-01
1.28078078078078e+08	-9.12251967280269e-01,4.08293514572543e-01
1.28138138138138e+08	-9.10963231166820e-01,4.11143129574147e-01
1.28198198198198e+08	-9.09665549420832e-01,4.13988671166739e-01
1.28258258258258e+08	-9.08358934931016e-01,4.16830111305911e-01
1.28318318318318e+08	-9.07043400673778e-01,4.19667421988090e-01
1.28378378378378e+08	-9.05718959713082e-01,4.22500575250801e-01
1.28438438438438e+08	-9.04385625200315e-01,4.25329543172983e-01
1.28498498498498e+08	-9.03043410374169e-01,4.28154297875195e-01
1.28558558558559e+08	-9.01692328560498e-01,4.30974811519933e-01
1.28618618618619e+08	-9.00332393172186e-01,4.33791056311899e-01
1.28678678678679e+08	-8.98963617709020e-01,4.36603004498254e-01
1.28738738738739e+08	-8.97586015757549e-01,4.39410628368891e-01
1.28798798798799e+08	-8.96199600990947e-01,4.42213900256729e-01
1.28858858858859e+08	-8.94804387168887e-01,4.45012792537940e-01
1.28918918918919e+08	-8.93400388137391e-01,4.47807277632259e-01
1.28978978978979e+08	-8.91987617828700e-01,4.50597328003228e-01
1.29039039039039e+08	-8.90566090261134e-01,4.53382916158480e-01
1.29099099099099e+08	-8.89135819538951e-01,4.56164014649985e-01
1.29159159159159e+08	-8.87696819852207e-01,4.58940596074342e-01
1.29219219219219e+08	-8.86249105476614e-01,4.61712633073030e-01
1.29279279279279e+08	-8.84792690773402e-01,4.64480098332668e-01
1.29339339339339e+08	-8.83327590189168e-01,4.67242964585318e-01
1.29399399399399e+08	-8.81853818255742e-01,4.70001204608695e-01
1.29459459459459e+08	-8.80371389590034e-01,4.72754791226480e-01
1.29519519519520e+08	-8.78880318893899e-01,4.75503697308547e-01
1.29579579579580e+08	-8.77380620953972e-01,4.78247895771278e-01
1.29639639639640e+08	-8.75872310641546e-01,4.80987359577749e-01
1.29699699699700e+08	-8.74355402912403e-01,4.83722061738081e-01
1.29759759759760e+08	-8.72829912806678e-01,4.86451975309628e-01
1.29819819819820e+08	-8.71295855448704e-01,4.89177073397293e-01
1.29879879879880e+08	-8.69753246046863e-01,4.91897329153752e-01
1.29939939939940e+08	-8.68202099893435e-01,4.94612715779746e-01
1.30000000000000e+08	-8.66642432364449e-01,4.97323206524307e-01
