Freq.	-V(reflectedwaveover20)/V(minusincidentwaveover20)
7.00000000000000e+07	-5.01073972091697e-03,5.62716654841760e-04
7.00600600600601e+07	-5.01073862455018e-03,5.62234243524436e-04
7.01201201201201e+07	-5.01073753099960e-03,5.61752658591532e-04
7.01801801801802e+07	-5.01073644025503e-03,5.61271897920268e-04
7.02402402402402e+07	-5.01073535230761e-03,5.60791959399098e-04
7.03003003003003e+07	-5.01073426714724e-03,5.60312840916883e-04
7.03603603603604e+07	-5.01073318476463e-03,5.59834540377066e-04
7.04204204204204e+07	-5.01073210515017e-03,5.59357055685138e-04
7.04804804804805e+07	-5.01073102829471e-03,5.58880384756568e-04
7.05405405405405e+07	-5.01072995418843e-03,5.58404525511085e-04
7.06006006006006e+07	-5.01072888282233e-03,5.57929475878900e-04
7.06606606606607e+07	-5.01072781418693e-03,5.57455233795563e-04
7.07207207207207e+07	-5.01072674827317e-03,5.56981797203635e-04
7.07807807807808e+07	-5.01072568507137e-03,5.56509164050391e-04
7.08408408408408e+07	-5.01072462457286e-03,5.56037332295171e-04
7.09009009009009e+07	-5.01072356676812e-03,5.55566299900831e-04
7.09609609609610e+07	-5.01072251164821e-03,5.55096064836551e-04
7.10210210210210e+07	-5.01072145920394e-03,5.54626625077810e-04
7.10810810810811e+07	-5.01072040942639e-03,5.54157978614313e-04
7.11411411411411e+07	-5.01071936230649e-03,5.53690123431206e-04
7.12012012012012e+07	-5.01071831783534e-03,5.53223057530074e-04
7.12612612612613e+07	-5.01071727600401e-03,5.52756778912433e-04
7.13213213213213e+07	-5.01071623680331e-03,5.52291285589932e-04
7.13813813813814e+07	-5.01071520022473e-03,5.51826575581483e-04
7.14414414414414e+07	-5.01071416625943e-03,5.51362646912094e-04
7.15015015015015e+07	-5.01071313489864e-03,5.50899497609999e-04
7.15615615615616e+07	-5.01071210613337e-03,5.50437125716298e-04
7.16216216216216e+07	-5.01071107995534e-03,5.49975529272985e-04
7.16816816816817e+07	-5.01071005635555e-03,5.49514706331454e-04
7.17417417417417e+07	-5.01070903532531e-03,5.49054654949624e-04
7.18018018018018e+07	-5.01070801685632e-03,5.48595373190209e-04
7.18618618618619e+07	-5.01070700093990e-03,5.48136859122965e-04
7.19219219219219e+07	-5.01070598756746e-03,5.47679110826367e-04
7.19819819819820e+07	-5.01070497673060e-03,5.47222126382465e-04
7.20420420420420e+07	-5.01070396842088e-03,5.46765903883682e-04
7.21021021021021e+07	-5.01070296262968e-03,5.46310441420848e-04
7.21621621621622e+07	-5.01070195934884e-03,5.45855737101363e-04
7.22222222222222e+07	-5.01070095856989e-03,5.45401789030982e-04
7.22822822822823e+07	-5.01069996028468e-03,5.44948595325156e-04
7.23423423423423e+07	-5.01069896448472e-03,5.44496154103323e-04
7.24024024024024e+07	-5.01069797116172e-03,5.44044463496274e-04
7.24624624624625e+07	-5.01069698030798e-03,5.43593521635318e-04
7.25225225225225e+07	-5.01069599191478e-03,5.43143326661930e-04
7.25825825825826e+07	-5.01069500597420e-03,5.42693876720332e-04
7.26426426426426e+07	-5.01069402247796e-03,5.42245169963717e-04
7.27027027027027e+07	-5.01069304141834e-03,5.41797204548544e-04
7.27627627627628e+07	-5.01069206278700e-03,5.41349978639628e-04
7.28228228228228e+07	-5.01069108657593e-03,5.40903490407836e-04
7.28828828828829e+07	-5.01069011277729e-03,5.40457738030071e-04
7.29429429429429e+07	-5.01068914138312e-03,5.40012719689806e-04
7.30030030030030e+07	-5.01068817238539e-03,5.39568433571953e-04
7.30630630630631e+07	-5.01068720577636e-03,5.39124877874198e-04
7.31231231231231e+07	-5.01068624154812e-03,5.38682050793341e-04
7.31831831831832e+07	-5.01068527969294e-03,5.38239950537204e-04
7.32432432432432e+07	-5.01068432020304e-03,5.37798575317222e-04
7.33033033033033e+07	-5.01068336307043e-03,5.37357923352960e-04
7.33633633633634e+07	-5.01068240828774e-03,5.36917992866980e-04
7.34234234234234e+07	-5.01068145584697e-03,5.36478782088223e-04
7.34834834834835e+07	-5.01068050574056e-03,5.36040289252555e-04
7.35435435435435e+07	-5.01067955796106e-03,5.35602512602174e-04
7.36036036036036e+07	-5.01067861250070e-03,5.35165450382180e-04
7.36636636636637e+07	-5.01067766935198e-03,5.34729100844524e-04
7.37237237237237e+07	-5.01067672850745e-03,5.34293462249128e-04
7.37837837837838e+07	-5.01067578995942e-03,5.33858532859878e-04
7.38438438438438e+07	-5.01067485370057e-03,5.33424310945741e-04
7.39039039039039e+07	-5.01067391972336e-03,5.32990794781877e-04
7.39639639639640e+07	-5.01067298802047e-03,5.32557982649617e-04
7.40240240240240e+07	-5.01067205858449e-03,5.32125872833598e-04
7.40840840840841e+07	-5.01067113140819e-03,5.31694463626855e-04
7.41441441441441e+07	-5.01067020648407e-03,5.31263753326254e-04
7.42042042042042e+07	-5.01066928380491e-03,5.30833740235878e-04
7.42642642642643e+07	-5.01066836336336e-03,5.30404422664162e-04
7.43243243243243e+07	-5.01066744515225e-03,5.29975798923872e-04
7.43843843843844e+07	-5.01066652916459e-03,5.29547867336632e-04
7.44444444444444e+07	-5.01066561539294e-03,5.29120626223803e-04
7.45045045045045e+07	-5.01066470383030e-03,5.28694073917833e-04
7.45645645645646e+07	-5.01066379446945e-03,5.28268208752570e-04
7.46246246246246e+07	-5.01066288730330e-03,5.27843029071203e-04
7.46846846846847e+07	-5.01066198232479e-03,5.27418533218841e-04
7.47447447447447e+07	-5.01066107952712e-03,5.26994719546483e-04
7.48048048048048e+07	-5.01066017890300e-03,5.26571586410986e-04
7.48648648648649e+07	-5.01065928044569e-03,5.26149132177325e-04
7.49249249249249e+07	-5.01065838414807e-03,5.25727355209473e-04
7.49849849849850e+07	-5.01065749000325e-03,5.25306253880610e-04
7.50450450450450e+07	-5.01065659800445e-03,5.24885826567992e-04
7.51051051051051e+07	-5.01065570814466e-03,5.24466071658043e-04
7.51651651651652e+07	-5.01065482041702e-03,5.24046987535532e-04
7.52252252252252e+07	-5.01065393481507e-03,5.23628572594355e-04
7.52852852852853e+07	-5.01065305133153e-03,5.23210825235242e-04
7.53453453453453e+07	-5.01065216996019e-03,5.22793743860048e-04
7.54054054054054e+07	-5.01065129069373e-03,5.22377326876284e-04
7.54654654654655e+07	-5.01065041352595e-03,5.21961572697665e-04
7.55255255255255e+07	-5.01064953844989e-03,5.21546479745790e-04
7.55855855855856e+07	-5.01064866545905e-03,5.21132046442741e-04
7.56456456456456e+07	-5.01064779454670e-03,5.20718271218446e-04
7.57057057057057e+07	-5.01064692570620e-03,5.20305152503270e-04
7.57657657657658e+07	-5.01064605893124e-03,5.19892688739367e-04
7.58258258258258e+07	-5.01064519421517e-03,5.19480878369291e-04
7.58858858858859e+07	-5.01064433155134e-03,5.19069719841088e-04
7.59459459459459e+07	-5.01064347093337e-03,5.18659211608285e-04
7.60060060060060e+07	-5.01064261235476e-03,5.18249352131566e-04
7.60660660660661e+07	-5.01064175580914e-03,5.17840139870234e-04
7.61261261261261e+07	-5.01064090128992e-03,5.17431573297535e-04
7.61861861861862e+07	-5.01064004879108e-03,5.17023650880746e-04
7.62462462462462e+07	-5.01063919830583e-03,5.16616371103323e-04
7.63063063063063e+07	-5.01063834982796e-03,5.16209732443284e-04
7.63663663663664e+07	-5.01063750335129e-03,5.15803733389674e-04
7.64264264264264e+07	-5.01063665886938e-03,5.15398372435153e-04
7.64864864864865e+07	-5.01063581637622e-03,5.14993648077120e-04
7.65465465465465e+07	-5.01063497586531e-03,5.14589558813713e-04
7.66066066066066e+07	-5.01063413733047e-03,5.14186103154020e-04
7.66666666666667e+07	-5.01063330076556e-03,5.13783279608399e-04
7.67267267267267e+07	-5.01063246616449e-03,5.13381086693009e-04
7.67867867867868e+07	-5.01063163352109e-03,5.12979522928085e-04
7.68468468468468e+07	-5.01063080282893e-03,5.12578586835075e-04
7.69069069069069e+07	-5.01062997408236e-03,5.12178276947995e-04
7.69669669669670e+07	-5.01062914727512e-03,5.11778591800902e-04
7.70270270270270e+07	-5.01062832240122e-03,5.11379529929018e-04
7.70870870870871e+07	-5.01062749945456e-03,5.10981089878935e-04
7.71471471471471e+07	-5.01062667842921e-03,5.10583270194397e-04
7.72072072072072e+07	-5.01062585931914e-03,5.10186069431623e-04
7.72672672672673e+07	-5.01062504211827e-03,5.09789486143375e-04
7.73273273273273e+07	-5.01062422682113e-03,5.09393518895993e-04
7.73873873873874e+07	-5.01062341342118e-03,5.08998166249486e-04
7.74474474474474e+07	-5.01062260191300e-03,5.08603426777973e-04
7.75075075075075e+07	-5.01062179229053e-03,5.08209299055458e-04
7.75675675675676e+07	-5.01062098454809e-03,5.07815781661498e-04
7.76276276276276e+07	-5.01062017867967e-03,5.07422873176067e-04
7.76876876876877e+07	-5.01061937467941e-03,5.07030572189774e-04
7.77477477477477e+07	-5.01061857254211e-03,5.06638877294179e-04
7.78078078078078e+07	-5.01061777226122e-03,5.06247787086897e-04
7.78678678678679e+07	-5.01061697383149e-03,5.05857300166460e-04
7.79279279279279e+07	-5.01061617724733e-03,5.05467415139125e-04
7.79879879879880e+07	-5.01061538250265e-03,5.05078130614878e-04
7.80480480480480e+07	-5.01061458959207e-03,5.04689445207417e-04
7.81081081081081e+07	-5.01061379850987e-03,5.04301357532998e-04
7.81681681681682e+07	-5.01061300925038e-03,5.03913866213260e-04
7.82282282282282e+07	-5.01061222180807e-03,5.03526969879193e-04
7.82882882882883e+07	-5.01061143617742e-03,5.03140667158040e-04
7.83483483483483e+07	-5.01061065235279e-03,5.02754956685224e-04
7.84084084084084e+07	-5.01060987032871e-03,5.02369837098075e-04
7.84684684684685e+07	-5.01060909009959e-03,5.01985307045482e-04
7.85285285285285e+07	-5.01060831165991e-03,5.01601365166841e-04
7.85885885885886e+07	-5.01060753500444e-03,5.01218010119893e-04
7.86486486486486e+07	-5.01060676012731e-03,5.00835240556837e-04
7.87087087087087e+07	-5.01060598702369e-03,5.00453055139088e-04
7.87687687687688e+07	-5.01060521568764e-03,5.00071452528742e-04
7.88288288288288e+07	-5.01060444611380e-03,4.99690431395944e-04
7.88888888888889e+07	-5.01060367829740e-03,4.99309990411484e-04
7.89489489489489e+07	-5.01060291223229e-03,4.98930128251333e-04
7.90090090090090e+07	-5.01060214791374e-03,4.98550843595487e-04
7.90690690690691e+07	-5.01060138533616e-03,4.98172135126813e-04
7.91291291291291e+07	-5.01060062449422e-03,4.97794001535590e-04
7.91891891891892e+07	-5.01059986538305e-03,4.97416441512659e-04
7.92492492492492e+07	-5.01059910799693e-03,4.97039453752264e-04
7.93093093093093e+07	-5.01059835233095e-03,4.96663036958281e-04
7.93693693693694e+07	-5.01059759837981e-03,4.96287189831699e-04
7.94294294294294e+07	-5.01059684613808e-03,4.95911911080841e-04
7.94894894894895e+07	-5.01059609560100e-03,4.95537199417932e-04
7.95495495495495e+07	-5.01059534676312e-03,4.95163053555680e-04
7.96096096096096e+07	-5.01059459961963e-03,4.94789472218057e-04
7.96696696696697e+07	-5.01059385416515e-03,4.94416454125508e-04
7.97297297297297e+07	-5.01059311039466e-03,4.94043998004597e-04
7.97897897897898e+07	-5.01059236830306e-03,4.93672102589702e-04
7.98498498498498e+07	-5.01059162788546e-03,4.93300766609921e-04
7.99099099099099e+07	-5.01059088913664e-03,4.92929988810666e-04
7.99699699699700e+07	-5.01059015205163e-03,4.92559767929763e-04
8.00300300300300e+07	-5.01058941662555e-03,4.92190102713936e-04
8.00900900900901e+07	-5.01058868285324e-03,4.91820991913097e-04
8.01501501501502e+07	-5.01058795072995e-03,4.91452434282612e-04
8.02102102102102e+07	-5.01058722025073e-03,4.91084428579307e-04
8.02702702702703e+07	-5.01058649141055e-03,4.90716973563156e-04
8.03303303303303e+07	-5.01058576420432e-03,4.90350067997839e-04
8.03903903903904e+07	-5.01058503862757e-03,4.89983710654141e-04
8.04504504504505e+07	-5.01058431467529e-03,4.89617900306520e-04
8.05105105105105e+07	-5.01058359234231e-03,4.89252635725710e-04
8.05705705705706e+07	-5.01058287162452e-03,4.88887915692348e-04
8.06306306306306e+07	-5.01058215251625e-03,4.88523738992982e-04
8.06906906906907e+07	-5.01058143501341e-03,4.88160104412096e-04
8.07507507507508e+07	-5.01058071911070e-03,4.87797010737786e-04
8.08108108108108e+07	-5.01058000480377e-03,4.87434456767427e-04
8.08708708708709e+07	-5.01057929208776e-03,4.87072441299704e-04
8.09309309309309e+07	-5.01057858095779e-03,4.86710963130619e-04
8.09909909909910e+07	-5.01057787140938e-03,4.86350021067685e-04
8.10510510510511e+07	-5.01057716343774e-03,4.85989613920256e-04
8.11111111111111e+07	-5.01057645703811e-03,4.85629740498942e-04
8.11711711711712e+07	-5.01057575220597e-03,4.85270399619005e-04
8.12312312312312e+07	-5.01057504893672e-03,4.84911590099213e-04
8.12912912912913e+07	-5.01057434722562e-03,4.84553310762390e-04
8.13513513513514e+07	-5.01057364706820e-03,4.84195560432569e-04
8.14114114114114e+07	-5.01057294845966e-03,4.83838337940654e-04
8.14714714714715e+07	-5.01057225139560e-03,4.83481642117024e-04
8.15315315315315e+07	-5.01057155587149e-03,4.83125471802321e-04
8.15915915915916e+07	-5.01057086188261e-03,4.82769825830380e-04
8.16516516516517e+07	-5.01057016942483e-03,4.82414703048115e-04
8.17117117117117e+07	-5.01056947849328e-03,4.82060102300724e-04
8.17717717717718e+07	-5.01056878908363e-03,4.81706022439069e-04
8.18318318318318e+07	-5.01056810119129e-03,4.81352462315118e-04
8.18918918918919e+07	-5.01056741481202e-03,4.80999420783062e-04
8.19519519519520e+07	-5.01056672994127e-03,4.80646896707268e-04
8.20120120120120e+07	-5.01056604657453e-03,4.80294888946349e-04
8.20720720720721e+07	-5.01056536470754e-03,4.79943396371339e-04
8.21321321321321e+07	-5.01056468433598e-03,4.79592417849765e-04
8.21921921921922e+07	-5.01056400545520e-03,4.79241952254736e-04
8.22522522522523e+07	-5.01056332806115e-03,4.78891998460373e-04
8.23123123123123e+07	-5.01056265214930e-03,4.78542555350902e-04
8.23723723723724e+07	-5.01056197771547e-03,4.78193621804718e-04
8.24324324324324e+07	-5.01056130475508e-03,4.77845196711432e-04
8.24924924924925e+07	-5.01056063326421e-03,4.77497278960487e-04
8.25525525525526e+07	-5.01055996323842e-03,4.77149867442286e-04
8.26126126126126e+07	-5.01055929467332e-03,4.76802961053859e-04
8.26726726726727e+07	-5.01055862756486e-03,4.76456558695448e-04
8.27327327327327e+07	-5.01055796190875e-03,4.76110659268216e-04
8.27927927927928e+07	-5.01055729770065e-03,4.75765261675376e-04
8.28528528528529e+07	-5.01055663493660e-03,4.75420364831270e-04
8.29129129129129e+07	-5.01055597361229e-03,4.75075967642037e-04
8.29729729729730e+07	-5.01055531372354e-03,4.74732069023784e-04
8.30330330330330e+07	-5.01055465526618e-03,4.74388667896898e-04
8.30930930930931e+07	-5.01055399823617e-03,4.74045763183755e-04
8.31531531531532e+07	-5.01055334262933e-03,4.73703353804163e-04
8.32132132132132e+07	-5.01055268844156e-03,4.73361438687857e-04
8.32732732732733e+07	-5.01055203566862e-03,4.73020016764257e-04
8.33333333333333e+07	-5.01055138430660e-03,4.72679086969275e-04
8.33933933933934e+07	-5.01055073435149e-03,4.72338648239623e-04
8.34534534534535e+07	-5.01055008579908e-03,4.71998699512796e-04
8.35135135135135e+07	-5.01054943864552e-03,4.71659239732755e-04
8.35735735735736e+07	-5.01054879288660e-03,4.71320267846497e-04
8.36336336336336e+07	-5.01054814851844e-03,4.70981782800637e-04
8.36936936936937e+07	-5.01054750553700e-03,4.70643783548216e-04
8.37537537537538e+07	-5.01054686393833e-03,4.70306269044148e-04
8.38138138138138e+07	-5.01054622371852e-03,4.69969238246341e-04
8.38738738738739e+07	-5.01054558487341e-03,4.69632690116822e-04
8.39339339339339e+07	-5.01054494739931e-03,4.69296623617186e-04
8.39939939939940e+07	-5.01054431129219e-03,4.68961037717674e-04
8.40540540540541e+07	-5.01054367654822e-03,4.68625931382383e-04
8.41141141141141e+07	-5.01054304316331e-03,4.68291303589725e-04
8.41741741741742e+07	-5.01054241113376e-03,4.67957153313083e-04
8.42342342342342e+07	-5.01054178045570e-03,4.67623479529899e-04
8.42942942942943e+07	-5.01054115112508e-03,4.67290281221664e-04
8.43543543543544e+07	-5.01054052313837e-03,4.66957557375041e-04
8.44144144144144e+07	-5.01053989649159e-03,4.66625306976175e-04
8.44744744744745e+07	-5.01053927118101e-03,4.66293529016364e-04
8.45345345345345e+07	-5.01053864720272e-03,4.65962222487503e-04
8.45945945945946e+07	-5.01053802455291e-03,4.65631386382071e-04
8.46546546546547e+07	-5.01053740322797e-03,4.65301019704493e-04
8.47147147147147e+07	-5.01053678322392e-03,4.64971121457486e-04
8.47747747747748e+07	-5.01053616453732e-03,4.64641690637501e-04
8.48348348348348e+07	-5.01053554716418e-03,4.64312726257451e-04
8.48948948948949e+07	-5.01053493110105e-03,4.63984227328510e-04
8.49549549549550e+07	-5.01053431634388e-03,4.63656192858968e-04
8.50150150150150e+07	-5.01053370288922e-03,4.63328621864453e-04
8.50750750750751e+07	-5.01053309073317e-03,4.63001513369055e-04
8.51351351351351e+07	-5.01053247987239e-03,4.62674866389403e-04
8.51951951951952e+07	-5.01053187030315e-03,4.62348679950570e-04
8.52552552552553e+07	-5.01053126202161e-03,4.62022953080381e-04
8.53153153153153e+07	-5.01053065502432e-03,4.61697684807127e-04
8.53753753753754e+07	-5.01053004930765e-03,4.61372874162967e-04
8.54354354354354e+07	-5.01052944486773e-03,4.61048520180507e-04
8.54954954954955e+07	-5.01052884170150e-03,4.60724621903025e-04
8.55555555555556e+07	-5.01052823980486e-03,4.60401178362856e-04
8.56156156156156e+07	-5.01052763917469e-03,4.60078188610947e-04
8.56756756756757e+07	-5.01052703980718e-03,4.59755651689559e-04
8.57357357357357e+07	-5.01052644169864e-03,4.59433566644763e-04
8.57957957957958e+07	-5.01052584484589e-03,4.59111932529844e-04
8.58558558558559e+07	-5.01052524924546e-03,4.58790748403014e-04
8.59159159159159e+07	-5.01052465489332e-03,4.58470013311490e-04
8.59759759759760e+07	-5.01052406178656e-03,4.58149726321042e-04
8.60360360360360e+07	-5.01052346992143e-03,4.57829886488699e-04
8.60960960960961e+07	-5.01052287929447e-03,4.57510492883204e-04
8.61561561561562e+07	-5.01052228990227e-03,4.57191544566813e-04
8.62162162162162e+07	-5.01052170174145e-03,4.56873040614616e-04
8.62762762762763e+07	-5.01052111480860e-03,4.56554980092923e-04
8.63363363363363e+07	-5.01052052909997e-03,4.56237362078588e-04
8.63963963963964e+07	-5.01051994461259e-03,4.55920185648761e-04
8.64564564564565e+07	-5.01051936134285e-03,4.55603449884295e-04
8.65165165165165e+07	-5.01051877928749e-03,4.55287153862914e-04
8.65765765765766e+07	-5.01051819844305e-03,4.54971296677393e-04
8.66366366366366e+07	-5.01051761880613e-03,4.54655877409406e-04
8.66966966966967e+07	-5.01051704037340e-03,4.54340895148835e-04
8.67567567567568e+07	-5.01051646314160e-03,4.54026348989223e-04
8.68168168168168e+07	-5.01051588710728e-03,4.53712238025486e-04
8.68768768768769e+07	-5.01051531226745e-03,4.53398561356179e-04
8.69369369369369e+07	-5.01051473861851e-03,4.53085318078943e-04
8.69969969969970e+07	-5.01051416615712e-03,4.52772507297313e-04
8.70570570570571e+07	-5.01051359488019e-03,4.52460128116165e-04
8.71171171171171e+07	-5.01051302478444e-03,4.52148179643980e-04
8.71771771771772e+07	-5.01051245586641e-03,4.51836660987152e-04
8.72372372372372e+07	-5.01051188812327e-03,4.51525571262483e-04
8.72972972972973e+07	-5.01051132155149e-03,4.51214909581263e-04
8.73573573573574e+07	-5.01051075614773e-03,4.50904675064035e-04
8.74174174174174e+07	-5.01051019190896e-03,4.50594866823537e-04
8.74774774774775e+07	-5.01050962883226e-03,4.50285483989705e-04
8.75375375375375e+07	-5.01050906691382e-03,4.49976525684654e-04
8.75975975975976e+07	-5.01050850615088e-03,4.49667991030623e-04
8.76576576576577e+07	-5.01050794654019e-03,4.49359879160206e-04
8.77177177177177e+07	-5.01050738807882e-03,4.49052189208379e-04
8.77777777777778e+07	-5.01050683076327e-03,4.48744920303402e-04
8.78378378378378e+07	-5.01050627459040e-03,4.48438071583862e-04
8.78978978978979e+07	-5.01050571955725e-03,4.48131642187294e-04
8.79579579579580e+07	-5.01050516566090e-03,4.47825631258134e-04
8.80180180180180e+07	-5.01050461289783e-03,4.47520037937478e-04
8.80780780780781e+07	-5.01050406126528e-03,4.47214861371034e-04
8.81381381381381e+07	-5.01050351075998e-03,4.46910100705699e-04
8.81981981981982e+07	-5.01050296137898e-03,4.46605755091829e-04
8.82582582582583e+07	-5.01050241311892e-03,4.46301823687776e-04
8.83183183183183e+07	-5.01050186597743e-03,4.45998305638283e-04
8.83783783783784e+07	-5.01050131995052e-03,4.45695200109714e-04
8.84384384384384e+07	-5.01050077503601e-03,4.45392506255945e-04
8.84984984984985e+07	-5.01050023123056e-03,4.45090223243364e-04
8.85585585585586e+07	-5.01049968853106e-03,4.44788350233812e-04
8.86186186186186e+07	-5.01049914693462e-03,4.44486886392533e-04
8.86786786786787e+07	-5.01049860643827e-03,4.44185830888167e-04
8.87387387387387e+07	-5.01049806703908e-03,4.43885182895013e-04
8.87987987987988e+07	-5.01049752873375e-03,4.43584941583932e-04
8.88588588588589e+07	-5.01049699151973e-03,4.43285106129154e-04
8.89189189189189e+07	-5.01049645539389e-03,4.42985675710550e-04
8.89789789789790e+07	-5.01049592035355e-03,4.42686649505663e-04
8.90390390390390e+07	-5.01049538639532e-03,4.42388026697660e-04
8.90990990990991e+07	-5.01049485351657e-03,4.42089806469640e-04
8.91591591591592e+07	-5.01049432171433e-03,4.41791988010309e-04
8.92192192192192e+07	-5.01049379098577e-03,4.41494570509429e-04
8.92792792792793e+07	-5.01049326132777e-03,4.41197553153259e-04
8.93393393393393e+07	-5.01049273273780e-03,4.40900935137058e-04
8.93993993993994e+07	-5.01049220521273e-03,4.40604715657113e-04
8.94594594594595e+07	-5.01049167874987e-03,4.40308893908464e-04
8.95195195195195e+07	-5.01049115334626e-03,4.40013469091717e-04
8.95795795795796e+07	-5.01049062899898e-03,4.39718440408485e-04
8.96396396396396e+07	-5.01049010570550e-03,4.39423807063659e-04
8.96996996996997e+07	-5.01048958346283e-03,4.39129568259717e-04
8.97597597597598e+07	-5.01048906226795e-03,4.38835723210353e-04
8.98198198198198e+07	-5.01048854211836e-03,4.38542271117742e-04
8.98798798798799e+07	-5.01048802301095e-03,4.38249211204356e-04
8.99399399399399e+07	-5.01048750494340e-03,4.37956542673172e-04
9.00000000000000e+07	-5.01048698791265e-03,4.37664264749730e-04
9.00600600600601e+07	-5.01048647191588e-03,4.37372376648014e-04
9.01201201201201e+07	-5.01048595695053e-03,4.37080877589778e-04
9.01801801801802e+07	-5.01048544301349e-03,4.36789766797714e-04
9.02402402402402e+07	-5.01048493010243e-03,4.36499043497723e-04
9.03003003003003e+07	-5.01048441821459e-03,4.36208706913217e-04
9.03603603603604e+07	-5.01048390734692e-03,4.35918756277624e-04
9.04204204204204e+07	-5.01048339749687e-03,4.35629190820737e-04
9.04804804804805e+07	-5.01048288866198e-03,4.35340009770979e-04
9.05405405405405e+07	-5.01048238083919e-03,4.35051212366767e-04
9.06006006006006e+07	-5.01048187402609e-03,4.34762797847410e-04
9.06606606606607e+07	-5.01048136821987e-03,4.34474765448553e-04
9.07207207207207e+07	-5.01048086341789e-03,4.34187114412405e-04
9.07807807807808e+07	-5.01048035961755e-03,4.33899843982046e-04
9.08408408408408e+07	-5.01047985681613e-03,4.33612953403694e-04
9.09009009009009e+07	-5.01047935501105e-03,4.33326441924427e-04
9.09609609609610e+07	-5.01047885419959e-03,4.33040308787625e-04
9.10210210210210e+07	-5.01047835437901e-03,4.32754553253432e-04
9.10810810810811e+07	-5.01047785554718e-03,4.32469174566910e-04
9.11411411411411e+07	-5.01047735770097e-03,4.32184171989875e-04
9.12012012012012e+07	-5.01047686083814e-03,4.31899544771322e-04
9.12612612612613e+07	-5.01047636495578e-03,4.31615292178120e-04
9.13213213213213e+07	-5.01047587005169e-03,4.31331413466580e-04
9.13813813813814e+07	-5.01047537612297e-03,4.31047907902918e-04
9.14414414414414e+07	-5.01047488316714e-03,4.30764774746188e-04
9.15015015015015e+07	-5.01047439118188e-03,4.30482013267609e-04
9.15615615615616e+07	-5.01047390016441e-03,4.30199622735774e-04
9.16216216216216e+07	-5.01047341011213e-03,4.29917602418923e-04
9.16816816816817e+07	-5.01047292102269e-03,4.29635951589479e-04
9.17417417417417e+07	-5.01047243289347e-03,4.29354669526319e-04
9.18018018018018e+07	-5.01047194572207e-03,4.29073755501123e-04
9.18618618618619e+07	-5.01047145950580e-03,4.28793208792014e-04
9.19219219219219e+07	-5.01047097424239e-03,4.28513028678997e-04
9.19819819819820e+07	-5.01047048992930e-03,4.28233214446235e-04
9.20420420420420e+07	-5.01047000656363e-03,4.27953765378628e-04
9.21021021021021e+07	-5.01046952414360e-03,4.27674680757258e-04
9.21621621621622e+07	-5.01046904266639e-03,4.27395959869618e-04
9.22222222222222e+07	-5.01046856212938e-03,4.27117602010742e-04
9.22822822822823e+07	-5.01046808253036e-03,4.26839606469554e-04
9.23423423423423e+07	-5.01046760386694e-03,4.26561972533414e-04
9.24024024024024e+07	-5.01046712613642e-03,4.26284699506297e-04
9.24624624624625e+07	-5.01046664933662e-03,4.26007786678095e-04
9.25225225225225e+07	-5.01046617346512e-03,4.25731233350759e-04
9.25825825825826e+07	-5.01046569851938e-03,4.25455038820099e-04
9.26426426426426e+07	-5.01046522449706e-03,4.25179202396248e-04
9.27027027027027e+07	-5.01046475139583e-03,4.24903723375229e-04
9.27627627627628e+07	-5.01046427921313e-03,4.24628601068513e-04
9.28228228228228e+07	-5.01046380794671e-03,4.24353834780269e-04
9.28828828828829e+07	-5.01046333759429e-03,4.24079423822143e-04
9.29429429429429e+07	-5.01046286815334e-03,4.23805367501883e-04
9.30030030030030e+07	-5.01046239962165e-03,4.23531665136973e-04
9.30630630630631e+07	-5.01046193199669e-03,4.23258316037575e-04
9.31231231231231e+07	-5.01046146527631e-03,4.22985319524716e-04
9.31831831831832e+07	-5.01046099945792e-03,4.22712674913226e-04
9.32432432432432e+07	-5.01046053453951e-03,4.22440381525375e-04
9.33033033033033e+07	-5.01046007051870e-03,4.22168438679501e-04
9.33633633633634e+07	-5.01045960739299e-03,4.21896845704783e-04
9.34234234234234e+07	-5.01045914516021e-03,4.21625601919629e-04
9.34834834834835e+07	-5.01045868381807e-03,4.21354706657831e-04
9.35435435435435e+07	-5.01045822336425e-03,4.21084159242398e-04
9.36036036036036e+07	-5.01045776379648e-03,4.20813959006023e-04
9.36636636636637e+07	-5.01045730511250e-03,4.20544105280841e-04
9.37237237237237e+07	-5.01045684731004e-03,4.20274597401838e-04
9.37837837837838e+07	-5.01045639038684e-03,4.20005434702293e-04
9.38438438438438e+07	-5.01045593434071e-03,4.19736616519463e-04
9.39039039039039e+07	-5.01045547916929e-03,4.19468142196844e-04
9.39639639639640e+07	-5.01045502487042e-03,4.19200011068257e-04
9.40240240240240e+07	-5.01045457144180e-03,4.18932222481711e-04
9.40840840840841e+07	-5.01045411888127e-03,4.18664775776664e-04
9.41441441441441e+07	-5.01045366718668e-03,4.18397670304479e-04
9.42042042042042e+07	-5.01045321635572e-03,4.18130905405683e-04
9.42642642642643e+07	-5.01045276638617e-03,4.17864480434970e-04
9.43243243243243e+07	-5.01045231727599e-03,4.17598394738462e-04
9.43843843843844e+07	-5.01045186902278e-03,4.17332647674166e-04
9.44444444444444e+07	-5.01045142162454e-03,4.17067238590365e-04
9.45045045045045e+07	-5.01045097507895e-03,4.16802166843808e-04
9.45645645645646e+07	-5.01045052938395e-03,4.16537431794017e-04
9.46246246246246e+07	-5.01045008453735e-03,4.16273032801010e-04
9.46846846846847e+07	-5.01044964053703e-03,4.16008969220746e-04
9.47447447447447e+07	-5.01044919738100e-03,4.15745240416491e-04
9.48048048048048e+07	-5.01044875506658e-03,4.15481845753125e-04
9.48648648648649e+07	-5.01044831359219e-03,4.15218784600554e-04
9.49249249249249e+07	-5.01044787295545e-03,4.14956056318918e-04
9.49849849849850e+07	-5.01044743315438e-03,4.14693660275643e-04
9.50450450450450e+07	-5.01044699418668e-03,4.14431595848848e-04
9.51051051051051e+07	-5.01044655605048e-03,4.14169862403462e-04
9.51651651651652e+07	-5.01044611874356e-03,4.13908459316231e-04
9.52252252252252e+07	-5.01044568226375e-03,4.13647385958664e-04
9.52852852852853e+07	-5.01044524660897e-03,4.13386641710663e-04
9.53453453453453e+07	-5.01044481177739e-03,4.13126225949157e-04
9.54054054054054e+07	-5.01044437776661e-03,4.12866138054913e-04
9.54654654654655e+07	-5.01044394457486e-03,4.12606377406850e-04
9.55255255255255e+07	-5.01044351219986e-03,4.12346943388851e-04
9.55855855855856e+07	-5.01044308063965e-03,4.12087835385217e-04
9.56456456456456e+07	-5.01044264989230e-03,4.11829052781792e-04
9.57057057057057e+07	-5.01044221995542e-03,4.11570594967104e-04
9.57657657657658e+07	-5.01044179082716e-03,4.11312461327800e-04
9.58258258258258e+07	-5.01044136250589e-03,4.11054651255475e-04
9.58858858858859e+07	-5.01044093498893e-03,4.10797164142113e-04
9.59459459459459e+07	-5.01044050827458e-03,4.10539999382355e-04
9.60060060060060e+07	-5.01044008236092e-03,4.10283156370089e-04
9.60660660660661e+07	-5.01043965724576e-03,4.10026634499578e-04
9.61261261261261e+07	-5.01043923292719e-03,4.09770433172277e-04
9.61861861861862e+07	-5.01043880940330e-03,4.09514551787734e-04
9.62462462462462e+07	-5.01043838667210e-03,4.09258989745859e-04
9.63063063063063e+07	-5.01043796473127e-03,4.09003746448057e-04
9.63663663663664e+07	-5.01043754357939e-03,4.08748821298357e-04
9.64264264264264e+07	-5.01043712321404e-03,4.08494213705687e-04
9.64864864864865e+07	-5.01043670363361e-03,4.08239923073630e-04
9.65465465465465e+07	-5.01043628483582e-03,4.07985948814068e-04
9.66066066066066e+07	-5.01043586681898e-03,4.07732290330123e-04
9.66666666666667e+07	-5.01043544958097e-03,4.07478947041162e-04
9.67267267267267e+07	-5.01043503312001e-03,4.07225918356643e-04
9.67867867867868e+07	-5.01043461743413e-03,4.06973203689759e-04
9.68468468468468e+07	-5.01043420252120e-03,4.06720802455151e-04
9.69069069069069e+07	-5.01043378837965e-03,4.06468714078009e-04
9.69669669669670e+07	-5.01043337500732e-03,4.06216937967909e-04
9.70270270270270e+07	-5.01043296240241e-03,4.05965473548373e-04
9.70870870870871e+07	-5.01043255056309e-03,4.05714320240951e-04
9.71471471471471e+07	-5.01043213948738e-03,4.05463477468618e-04
9.72072072072072e+07	-5.01043172917329e-03,4.05212944656915e-04
9.72672672672673e+07	-5.01043131961906e-03,4.04962721229394e-04
9.73273273273273e+07	-5.01043091082271e-03,4.04712806614435e-04
9.73873873873874e+07	-5.01043050278275e-03,4.04463200240691e-04
9.74474474474474e+07	-5.01043009549669e-03,4.04213901538229e-04
9.75075075075075e+07	-5.01042968896314e-03,4.03964909939652e-04
9.75675675675676e+07	-5.01042928318010e-03,4.03716224875555e-04
9.76276276276276e+07	-5.01042887814580e-03,4.03467845782476e-04
9.76876876876877e+07	-5.01042847385819e-03,4.03219772094932e-04
9.77477477477477e+07	-5.01042807031573e-03,4.02972003246555e-04
9.78078078078078e+07	-5.01042766751634e-03,4.02724538682591e-04
9.78678678678679e+07	-5.01042726545841e-03,4.02477377838296e-04
9.79279279279279e+07	-5.01042686413988e-03,4.02230520157121e-04
9.79879879879880e+07	-5.01042646355920e-03,4.01983965080476e-04
9.80480480480480e+07	-5.01042606371446e-03,4.01737712050002e-04
9.81081081081081e+07	-5.01042566460366e-03,4.01491760514383e-04
9.81681681681682e+07	-5.01042526622519e-03,4.01246109920255e-04
9.82282282282282e+07	-5.01042486857728e-03,4.01000759712190e-04
9.82882882882883e+07	-5.01042447165808e-03,4.00755709344073e-04
9.83483483483483e+07	-5.01042407546582e-03,4.00510958263173e-04
9.84084084084084e+07	-5.01042367999874e-03,4.00266505924923e-04
9.84684684684685e+07	-5.01042328525522e-03,4.00022351776996e-04
9.85285285285285e+07	-5.01042289123333e-03,3.99778495278632e-04
9.85885885885886e+07	-5.01042249793123e-03,3.99534935885850e-04
9.86486486486486e+07	-5.01042210534731e-03,3.99291673053722e-04
9.87087087087087e+07	-5.01042171347972e-03,3.99048706242050e-04
9.87687687687688e+07	-5.01042132232683e-03,3.98806034910816e-04
9.88288288288288e+07	-5.01042093188694e-03,3.98563658521317e-04
9.88888888888889e+07	-5.01042054215814e-03,3.98321576537291e-04
9.89489489489489e+07	-5.01042015313881e-03,3.98079788420374e-04
9.90090090090090e+07	-5.01041976482724e-03,3.97838293636912e-04
9.90690690690691e+07	-5.01041937722167e-03,3.97597091654549e-04
9.91291291291291e+07	-5.01041899032046e-03,3.97356181938808e-04
9.91891891891892e+07	-5.01041860412179e-03,3.97115563959916e-04
9.92492492492492e+07	-5.01041821862401e-03,3.96875237188247e-04
9.93093093093093e+07	-5.01041783382551e-03,3.96635201096590e-04
9.93693693693694e+07	-5.01041744972444e-03,3.96395455155603e-04
9.94294294294294e+07	-5.01041706631924e-03,3.96155998840630e-04
9.94894894894895e+07	-5.01041668360829e-03,3.95916831627145e-04
9.95495495495495e+07	-5.01041630158975e-03,3.95677952993026e-04
9.96096096096096e+07	-5.01041592026199e-03,3.95439362414001e-04
9.96696696696697e+07	-5.01041553962338e-03,3.95201059369331e-04
9.97297297297297e+07	-5.01041515967236e-03,3.94963043342943e-04
9.97897897897898e+07	-5.01041478040695e-03,3.94725313814329e-04
9.98498498498498e+07	-5.01041440182582e-03,3.94487870264228e-04
9.99099099099099e+07	-5.01041402392732e-03,3.94250712181443e-04
9.99699699699700e+07	-5.01041364670969e-03,3.94013839049195e-04
1.00030030030030e+08	-5.01041327017124e-03,3.93777250353080e-04
1.00090090090090e+08	-5.01041289431054e-03,3.93540945583333e-04
1.00150150150150e+08	-5.01041251912583e-03,3.93304924224599e-04
1.00210210210210e+08	-5.01041214461547e-03,3.93069185774115e-04
1.00270270270270e+08	-5.01041177077785e-03,3.92833729720107e-04
1.00330330330330e+08	-5.01041139761147e-03,3.92598555554292e-04
1.00390390390390e+08	-5.01041102511450e-03,3.92363662771874e-04
1.00450450450450e+08	-5.01041065328551e-03,3.92129050870406e-04
1.00510510510511e+08	-5.01041028212303e-03,3.91894719340686e-04
1.00570570570571e+08	-5.01040991162522e-03,3.91660667686086e-04
1.00630630630631e+08	-5.01040954179058e-03,3.91426895399808e-04
1.00690690690691e+08	-5.01040917261769e-03,3.91193401989892e-04
1.00750750750751e+08	-5.01040880410480e-03,3.90960186950789e-04
1.00810810810811e+08	-5.01040843625020e-03,3.90727249788373e-04
1.00870870870871e+08	-5.01040806905241e-03,3.90494590001743e-04
1.00930930930931e+08	-5.01040770251009e-03,3.90262207102550e-04
1.00990990990991e+08	-5.01040733662159e-03,3.90030100593388e-04
1.01051051051051e+08	-5.01040697138523e-03,3.89798269981440e-04
1.01111111111111e+08	-5.01040660679952e-03,3.89566714772784e-04
1.01171171171171e+08	-5.01040624286282e-03,3.89335434480348e-04
1.01231231231231e+08	-5.01040587957381e-03,3.89104428614817e-04
1.01291291291291e+08	-5.01040551693098e-03,3.88873696685761e-04
1.01351351351351e+08	-5.01040515493236e-03,3.88643238209591e-04
1.01411411411411e+08	-5.01040479357689e-03,3.88413052695915e-04
1.01471471471471e+08	-5.01040443286280e-03,3.88183139661174e-04
1.01531531531532e+08	-5.01040407278881e-03,3.87953498624094e-04
1.01591591591592e+08	-5.01040371335308e-03,3.87724129102270e-04
1.01651651651652e+08	-5.01040335455434e-03,3.87495030612164e-04
1.01711711711712e+08	-5.01040299639104e-03,3.87266202673648e-04
1.01771771771772e+08	-5.01040263886168e-03,3.87037644811139e-04
1.01831831831832e+08	-5.01040228196457e-03,3.86809356543360e-04
1.01891891891892e+08	-5.01040192569863e-03,3.86581337394711e-04
1.01951951951952e+08	-5.01040157006191e-03,3.86353586892989e-04
1.02012012012012e+08	-5.01040121505326e-03,3.86126104554604e-04
1.02072072072072e+08	-5.01040086067111e-03,3.85898889915273e-04
1.02132132132132e+08	-5.01040050691386e-03,3.85671942497049e-04
1.02192192192192e+08	-5.01040015378043e-03,3.85445261834461e-04
1.02252252252252e+08	-5.01039980126870e-03,3.85218847450642e-04
1.02312312312312e+08	-5.01039944937796e-03,3.84992698883469e-04
1.02372372372372e+08	-5.01039909810610e-03,3.84766815657142e-04
1.02432432432432e+08	-5.01039874745198e-03,3.84541197312875e-04
1.02492492492492e+08	-5.01039839741431e-03,3.84315843379330e-04
1.02552552552553e+08	-5.01039804799134e-03,3.84090753397632e-04
1.02612612612613e+08	-5.01039769918172e-03,3.83865926898624e-04
1.02672672672673e+08	-5.01039735098411e-03,3.83641363422190e-04
1.02732732732733e+08	-5.01039700339701e-03,3.83417062507024e-04
1.02792792792793e+08	-5.01039665641895e-03,3.83193023694034e-04
1.02852852852853e+08	-5.01039631004864e-03,3.82969246521792e-04
1.02912912912913e+08	-5.01039596428446e-03,3.82745730534490e-04
1.02972972972973e+08	-5.01039561912529e-03,3.82522475271703e-04
1.03033033033033e+08	-5.01039527456927e-03,3.82299480280894e-04
1.03093093093093e+08	-5.01039493061548e-03,3.82076745108315e-04
1.03153153153153e+08	-5.01039458726217e-03,3.81854269294456e-04
1.03213213213213e+08	-5.01039424450847e-03,3.81632052392231e-04
1.03273273273273e+08	-5.01039390235213e-03,3.81410093945376e-04
1.03333333333333e+08	-5.01039356079230e-03,3.81188393507774e-04
1.03393393393393e+08	-5.01039321982769e-03,3.80966950626393e-04
1.03453453453453e+08	-5.01039287945668e-03,3.80745764854934e-04
1.03513513513514e+08	-5.01039253967787e-03,3.80524835742451e-04
1.03573573573574e+08	-5.01039220049011e-03,3.80304162848134e-04
1.03633633633634e+08	-5.01039186189199e-03,3.80083745719699e-04
1.03693693693694e+08	-5.01039152388188e-03,3.79863583917268e-04
1.03753753753754e+08	-5.01039118645851e-03,3.79643676996301e-04
1.03813813813814e+08	-5.01039084962088e-03,3.79424024516701e-04
1.03873873873874e+08	-5.01039051336716e-03,3.79204626030295e-04
1.03933933933934e+08	-5.01039017769622e-03,3.78985481105848e-04
1.03993993993994e+08	-5.01038984260670e-03,3.78766589298363e-04
1.04054054054054e+08	-5.01038950809727e-03,3.78547950169541e-04
1.04114114114114e+08	-5.01038917416672e-03,3.78329563282094e-04
1.04174174174174e+08	-5.01038884081329e-03,3.78111428202018e-04
1.04234234234234e+08	-5.01038850803604e-03,3.77893544496313e-04
1.04294294294294e+08	-5.01038817583364e-03,3.77675911722750e-04
1.04354354354354e+08	-5.01038784420461e-03,3.77458529451469e-04
1.04414414414414e+08	-5.01038751314765e-03,3.77241397254742e-04
1.04474474474474e+08	-5.01038718266158e-03,3.77024514699017e-04
1.04534534534535e+08	-5.01038685274484e-03,3.76807881350594e-04
1.04594594594595e+08	-5.01038652339630e-03,3.76591496782446e-04
1.04654654654655e+08	-5.01038619461467e-03,3.76375360567394e-04
1.04714714714715e+08	-5.01038586639855e-03,3.76159472275832e-04
1.04774774774775e+08	-5.01038553874673e-03,3.75943831482546e-04
1.04834834834835e+08	-5.01038521165794e-03,3.75728437762158e-04
1.04894894894895e+08	-5.01038488513069e-03,3.75513290689131e-04
1.04954954954955e+08	-5.01038455916405e-03,3.75298389844583e-04
1.05015015015015e+08	-5.01038423375641e-03,3.75083734801504e-04
1.05075075075075e+08	-5.01038390890650e-03,3.74869325136125e-04
1.05135135135135e+08	-5.01038358461331e-03,3.74655160433600e-04
1.05195195195195e+08	-5.01038326087543e-03,3.74441240274355e-04
1.05255255255255e+08	-5.01038293769145e-03,3.74227564234092e-04
1.05315315315315e+08	-5.01038261506038e-03,3.74014131900837e-04
1.05375375375375e+08	-5.01038229298073e-03,3.73800942854472e-04
1.05435435435435e+08	-5.01038197145135e-03,3.73587996682649e-04
1.05495495495495e+08	-5.01038165047093e-03,3.73375292966011e-04
1.05555555555556e+08	-5.01038133003839e-03,3.73162831292965e-04
1.05615615615616e+08	-5.01038101015218e-03,3.72950611248311e-04
1.05675675675676e+08	-5.01038069081129e-03,3.72738632426884e-04
1.05735735735736e+08	-5.01038037201446e-03,3.72526894411950e-04
1.05795795795796e+08	-5.01038005376043e-03,3.72315396791117e-04
1.05855855855856e+08	-5.01037973604783e-03,3.72104139163158e-04
1.05915915915916e+08	-5.01037941887575e-03,3.71893121112992e-04
1.05975975975976e+08	-5.01037910224270e-03,3.71682342236698e-04
1.06036036036036e+08	-5.01037878614735e-03,3.71471802123318e-04
1.06096096096096e+08	-5.01037847058883e-03,3.71261500376458e-04
1.06156156156156e+08	-5.01037815556575e-03,3.71051436580178e-04
1.06216216216216e+08	-5.01037784107687e-03,3.70841610342188e-04
1.06276276276276e+08	-5.01037752712109e-03,3.70632021249513e-04
1.06336336336336e+08	-5.01037721369699e-03,3.70422668904866e-04
1.06396396396396e+08	-5.01037690080385e-03,3.70213552909593e-04
1.06456456456456e+08	-5.01037658843983e-03,3.70004672861399e-04
1.06516516516517e+08	-5.01037627660417e-03,3.69796028357751e-04
1.06576576576577e+08	-5.01037596529543e-03,3.69587619008389e-04
1.06636636636637e+08	-5.01037565451277e-03,3.69379444410303e-04
1.06696696696697e+08	-5.01037534425450e-03,3.69171504164792e-04
1.06756756756757e+08	-5.01037503451997e-03,3.68963797883141e-04
1.06816816816817e+08	-5.01037472530757e-03,3.68756325168428e-04
1.06876876876877e+08	-5.01037441661643e-03,3.68549085623483e-04
1.06936936936937e+08	-5.01037410844536e-03,3.68342078856568e-04
1.06996996996997e+08	-5.01037380079294e-03,3.68135304477962e-04
1.07057057057057e+08	-5.01037349365797e-03,3.67928762095416e-04
1.07117117117117e+08	-5.01037318703994e-03,3.67722451319830e-04
1.07177177177177e+08	-5.01037288093703e-03,3.67516371759568e-04
1.07237237237237e+08	-5.01037257534818e-03,3.67310523027278e-04
1.07297297297297e+08	-5.01037227027244e-03,3.67104904736478e-04
1.07357357357357e+08	-5.01037196570864e-03,3.66899516500414e-04
1.07417417417417e+08	-5.01037166165549e-03,3.66694357927516e-04
1.07477477477477e+08	-5.01037135811187e-03,3.66489428640717e-04
1.07537537537538e+08	-5.01037105507669e-03,3.66284728251305e-04
1.07597597597598e+08	-5.01037075254885e-03,3.66080256377110e-04
1.07657657657658e+08	-5.01037045052741e-03,3.65876012635680e-04
1.07717717717718e+08	-5.01037014901075e-03,3.65671996644281e-04
1.07777777777778e+08	-5.01036984799802e-03,3.65468208025575e-04
1.07837837837838e+08	-5.01036954748829e-03,3.65264646398526e-04
1.07897897897898e+08	-5.01036924748016e-03,3.65061311379531e-04
1.07957957957958e+08	-5.01036894797264e-03,3.64858202596066e-04
1.08018018018018e+08	-5.01036864896451e-03,3.64655319667352e-04
1.08078078078078e+08	-5.01036835045472e-03,3.64452662220267e-04
1.08138138138138e+08	-5.01036805244221e-03,3.64250229873434e-04
1.08198198198198e+08	-5.01036775492577e-03,3.64048022256541e-04
1.08258258258258e+08	-5.01036745790441e-03,3.63846038995560e-04
1.08318318318318e+08	-5.01036716137693e-03,3.63644279715019e-04
1.08378378378378e+08	-5.01036686534241e-03,3.63442744041411e-04
1.08438438438438e+08	-5.01036656979957e-03,3.63241431610011e-04
1.08498498498498e+08	-5.01036627474736e-03,3.63040342043274e-04
1.08558558558559e+08	-5.01036598018478e-03,3.62839474974709e-04
1.08618618618619e+08	-5.01036568611056e-03,3.62638830030682e-04
1.08678678678679e+08	-5.01036539252384e-03,3.62438406849747e-04
1.08738738738739e+08	-5.01036509942357e-03,3.62238205063311e-04
1.08798798798799e+08	-5.01036480680855e-03,3.62038224297909e-04
1.08858858858859e+08	-5.01036451467771e-03,3.61838464193392e-04
1.08918918918919e+08	-5.01036422302992e-03,3.61638924383593e-04
1.08978978978979e+08	-5.01036393186426e-03,3.61439604505428e-04
1.09039039039039e+08	-5.01036364117945e-03,3.61240504190928e-04
1.09099099099099e+08	-5.01036335097487e-03,3.61041623085431e-04
1.09159159159159e+08	-5.01036306124887e-03,3.60842960819156e-04
1.09219219219219e+08	-5.01036277200090e-03,3.60644517037899e-04
1.09279279279279e+08	-5.01036248322954e-03,3.60446291374605e-04
1.09339339339339e+08	-5.01036219493408e-03,3.60248283475517e-04
1.09399399399399e+08	-5.01036190711332e-03,3.60050492978574e-04
1.09459459459459e+08	-5.01036161976612e-03,3.59852919528183e-04
1.09519519519520e+08	-5.01036133289143e-03,3.59655562763856e-04
1.09579579579580e+08	-5.01036104648847e-03,3.59458422333842e-04
1.09639639639640e+08	-5.01036076055609e-03,3.59261497880350e-04
1.09699699699700e+08	-5.01036047509297e-03,3.59064789046372e-04
1.09759759759760e+08	-5.01036019009867e-03,3.58868295480217e-04
1.09819819819820e+08	-5.01035990557164e-03,3.58672016832112e-04
1.09879879879880e+08	-5.01035962151102e-03,3.58475952742819e-04
1.09939939939940e+08	-5.01035933791583e-03,3.58280102866378e-04
1.10000000000000e+08	-5.01035905478529e-03,3.58084466849639e-04
1.10060060060060e+08	-5.01035877211791e-03,3.57889044341355e-04
1.10120120120120e+08	-5.01035848991292e-03,3.57693834994453e-04
1.10180180180180e+08	-5.01035820816924e-03,3.57498838458074e-04
1.10240240240240e+08	-5.01035792688604e-03,3.57304054384391e-04
1.10300300300300e+08	-5.01035764606204e-03,3.57109482428612e-04
1.10360360360360e+08	-5.01035736569666e-03,3.56915122246697e-04
1.10420420420420e+08	-5.01035708578851e-03,3.56720973483992e-04
1.10480480480480e+08	-5.01035680633672e-03,3.56527035804786e-04
1.10540540540541e+08	-5.01035652734024e-03,3.56333308859335e-04
1.10600600600601e+08	-5.01035624879828e-03,3.56139792308877e-04
1.10660660660661e+08	-5.01035597070958e-03,3.55946485807434e-04
1.10720720720721e+08	-5.01035569307356e-03,3.55753389015460e-04
1.10780780780781e+08	-5.01035541588868e-03,3.55560501588462e-04
1.10840840840841e+08	-5.01035513915449e-03,3.55367823191783e-04
1.10900900900901e+08	-5.01035486286967e-03,3.55175353480134e-04
1.10960960960961e+08	-5.01035458703343e-03,3.54983092116920e-04
1.11021021021021e+08	-5.01035431164471e-03,3.54791038764006e-04
1.11081081081081e+08	-5.01035403670252e-03,3.54599193086260e-04
1.11141141141141e+08	-5.01035376220595e-03,3.54407554740186e-04
1.11201201201201e+08	-5.01035348815412e-03,3.54216123397794e-04
1.11261261261261e+08	-5.01035321454600e-03,3.54024898719315e-04
1.11321321321321e+08	-5.01035294138051e-03,3.53833880371386e-04
1.11381381381381e+08	-5.01035266865681e-03,3.53643068021367e-04
1.11441441441441e+08	-5.01035239637391e-03,3.53452461332788e-04
1.11501501501502e+08	-5.01035212453088e-03,3.53262059978996e-04
1.11561561561562e+08	-5.01035185312674e-03,3.53071863623816e-04
1.11621621621622e+08	-5.01035158216064e-03,3.52881871936337e-04
1.11681681681682e+08	-5.01035131163172e-03,3.52692084586362e-04
1.11741741741742e+08	-5.01035104153871e-03,3.52502501246674e-04
1.11801801801802e+08	-5.01035077188105e-03,3.52313121588492e-04
1.11861861861862e+08	-5.01035050265747e-03,3.52123945281468e-04
1.11921921921922e+08	-5.01035023386710e-03,3.51934971999367e-04
1.11981981981982e+08	-5.01034996550939e-03,3.51746201416657e-04
1.12042042042042e+08	-5.01034969758272e-03,3.51557633203960e-04
1.12102102102102e+08	-5.01034943008700e-03,3.51369267039418e-04
1.12162162162162e+08	-5.01034916302061e-03,3.51181102598456e-04
1.12222222222222e+08	-5.01034889638299e-03,3.50993139554923e-04
1.12282282282282e+08	-5.01034863017314e-03,3.50805377587909e-04
1.12342342342342e+08	-5.01034836439014e-03,3.50617816371508e-04
1.12402402402402e+08	-5.01034809903294e-03,3.50430455588463e-04
1.12462462462462e+08	-5.01034783410089e-03,3.50243294915384e-04
1.12522522522523e+08	-5.01034756959293e-03,3.50056334029564e-04
1.12582582582583e+08	-5.01034730550801e-03,3.49869572614667e-04
1.12642642642643e+08	-5.01034704184575e-03,3.49683010352763e-04
1.12702702702703e+08	-5.01034677860463e-03,3.49496646919783e-04
1.12762762762763e+08	-5.01034651578420e-03,3.49310482003703e-04
1.12822822822823e+08	-5.01034625338333e-03,3.49124515282944e-04
1.12882882882883e+08	-5.01034599140110e-03,3.48938746445699e-04
1.12942942942943e+08	-5.01034572983674e-03,3.48753175172873e-04
1.13003003003003e+08	-5.01034546868932e-03,3.48567801152863e-04
1.13063063063063e+08	-5.01034520795801e-03,3.48382624064508e-04
1.13123123123123e+08	-5.01034494764186e-03,3.48197643600951e-04
1.13183183183183e+08	-5.01034468773983e-03,3.48012859448047e-04
1.13243243243243e+08	-5.01034442825148e-03,3.47828271292314e-04
1.13303303303303e+08	-5.01034416917570e-03,3.47643878819794e-04
1.13363363363363e+08	-5.01034391051147e-03,3.47459681724013e-04
1.13423423423423e+08	-5.01034365225797e-03,3.47275679690059e-04
1.13483483483483e+08	-5.01034339441433e-03,3.47091872412772e-04
1.13543543543544e+08	-5.01034313697999e-03,3.46908259580827e-04
1.13603603603604e+08	-5.01034287995369e-03,3.46724840884690e-04
1.13663663663664e+08	-5.01034262333476e-03,3.46541616018888e-04
1.13723723723724e+08	-5.01034236712238e-03,3.46358584674050e-04
1.13783783783784e+08	-5.01034211131555e-03,3.46175746544867e-04
1.13843843843844e+08	-5.01034185591335e-03,3.45993101324401e-04
1.13903903903904e+08	-5.01034160091521e-03,3.45810648712041e-04
1.13963963963964e+08	-5.01034134632001e-03,3.45628388397593e-04
1.14024024024024e+08	-5.01034109212724e-03,3.45446320079458e-04
1.14084084084084e+08	-5.01034083833570e-03,3.45264443454405e-04
1.14144144144144e+08	-5.01034058494454e-03,3.45082758220977e-04
1.14204204204204e+08	-5.01034033195320e-03,3.44901264076082e-04
1.14264264264264e+08	-5.01034007936062e-03,3.44719960716124e-04
1.14324324324324e+08	-5.01033982716587e-03,3.44538847842688e-04
1.14384384384384e+08	-5.01033957536860e-03,3.44357925159128e-04
1.14444444444444e+08	-5.01033932396754e-03,3.44177192361469e-04
1.14504504504505e+08	-5.01033907296198e-03,3.43996649149775e-04
1.14564564564565e+08	-5.01033882235100e-03,3.43816295229286e-04
1.14624624624625e+08	-5.01033857213389e-03,3.43636130303590e-04
1.14684684684685e+08	-5.01033832230980e-03,3.43456154068942e-04
1.14744744744745e+08	-5.01033807287795e-03,3.43276366235861e-04
1.14804804804805e+08	-5.01033782383743e-03,3.43096766507528e-04
1.14864864864865e+08	-5.01033757518745e-03,3.42917354587742e-04
1.14924924924925e+08	-5.01033732692710e-03,3.42738130180919e-04
1.14984984984985e+08	-5.01033707905588e-03,3.42559092994364e-04
1.15045045045045e+08	-5.01033683157266e-03,3.42380242735995e-04
1.15105105105105e+08	-5.01033658447672e-03,3.42201579110933e-04
1.15165165165165e+08	-5.01033633776729e-03,3.42023101829455e-04
1.15225225225225e+08	-5.01033609144339e-03,3.41844810595627e-04
1.15285285285285e+08	-5.01033584550465e-03,3.41666705126625e-04
1.15345345345345e+08	-5.01033559994987e-03,3.41488785126594e-04
1.15405405405405e+08	-5.01033535477835e-03,3.41311050305960e-04
1.15465465465465e+08	-5.01033510998938e-03,3.41133500375758e-04
1.15525525525526e+08	-5.01033486558196e-03,3.40956135052168e-04
1.15585585585586e+08	-5.01033462155553e-03,3.40778954039463e-04
1.15645645645646e+08	-5.01033437790910e-03,3.40601957059569e-04
1.15705705705706e+08	-5.01033413464211e-03,3.40425143817956e-04
1.15765765765766e+08	-5.01033389175355e-03,3.40248514034327e-04
1.15825825825826e+08	-5.01033364924274e-03,3.40072067418752e-04
1.15885885885886e+08	-5.01033340710908e-03,3.39895803692118e-04
1.15945945945946e+08	-5.01033316535140e-03,3.39719722562265e-04
1.16006006006006e+08	-5.01033292396926e-03,3.39543823754673e-04
1.16066066066066e+08	-5.01033268296152e-03,3.39368106979491e-04
1.16126126126126e+08	-5.01033244232784e-03,3.39192571955415e-04
1.16186186186186e+08	-5.01033220206714e-03,3.39017218405132e-04
1.16246246246246e+08	-5.01033196217881e-03,3.38842046041682e-04
1.16306306306306e+08	-5.01033172266198e-03,3.38667054586644e-04
1.16366366366366e+08	-5.01033148351595e-03,3.38492243759903e-04
1.16426426426426e+08	-5.01033124473979e-03,3.38317613284193e-04
1.16486486486486e+08	-5.01033100633303e-03,3.38143162873732e-04
1.16546546546547e+08	-5.01033076829471e-03,3.37968892259230e-04
1.16606606606607e+08	-5.01033053062409e-03,3.37794801154916e-04
1.16666666666667e+08	-5.01033029332045e-03,3.37620889288096e-04
1.16726726726727e+08	-5.01033005638307e-03,3.37447156382101e-04
1.16786786786787e+08	-5.01032981981090e-03,3.37273602159693e-04
1.16846846846847e+08	-5.01032958360372e-03,3.37100226343065e-04
1.16906906906907e+08	-5.01032934776026e-03,3.36927028662934e-04
1.16966966966967e+08	-5.01032911228025e-03,3.36754008836940e-04
1.17027027027027e+08	-5.01032887716267e-03,3.36581166600339e-04
1.17087087087087e+08	-5.01032864240663e-03,3.36408501671897e-04
1.17147147147147e+08	-5.01032840801168e-03,3.36236013785717e-04
1.17207207207207e+08	-5.01032817397693e-03,3.36063702662821e-04
1.17267267267267e+08	-5.01032794030171e-03,3.35891568038430e-04
1.17327327327327e+08	-5.01032770698519e-03,3.35719609632405e-04
1.17387387387387e+08	-5.01032747402680e-03,3.35547827184489e-04
1.17447447447447e+08	-5.01032724142576e-03,3.35376220420198e-04
1.17507507507508e+08	-5.01032700918108e-03,3.35204789069012e-04
1.17567567567568e+08	-5.01032677729234e-03,3.35033532862096e-04
1.17627627627628e+08	-5.01032654575888e-03,3.34862451535714e-04
1.17687687687688e+08	-5.01032631457960e-03,3.34691544818719e-04
1.17747747747748e+08	-5.01032608375399e-03,3.34520812439372e-04
1.17807807807808e+08	-5.01032585328141e-03,3.34350254140122e-04
1.17867867867868e+08	-5.01032562316096e-03,3.34179869645772e-04
1.17927927927928e+08	-5.01032539339210e-03,3.34009658699857e-04
1.17987987987988e+08	-5.01032516397396e-03,3.33839621029400e-04
1.18048048048048e+08	-5.01032493490601e-03,3.33669756373330e-04
1.18108108108108e+08	-5.01032470618735e-03,3.33500064471117e-04
1.18168168168168e+08	-5.01032447781740e-03,3.33330545053671e-04
1.18228228228228e+08	-5.01032424979532e-03,3.33161197859257e-04
1.18288288288288e+08	-5.01032402212061e-03,3.32992022630088e-04
1.18348348348348e+08	-5.01032379479228e-03,3.32823019098674e-04
1.18408408408408e+08	-5.01032356780977e-03,3.32654187006018e-04
1.18468468468468e+08	-5.01032334117257e-03,3.32485526091375e-04
1.18528528528529e+08	-5.01032311487970e-03,3.32317036096806e-04
1.18588588588589e+08	-5.01032288893059e-03,3.32148716756939e-04
1.18648648648649e+08	-5.01032266332447e-03,3.31980567818296e-04
1.18708708708709e+08	-5.01032243806062e-03,3.31812589018831e-04
1.18768768768769e+08	-5.01032221313849e-03,3.31644780100428e-04
1.18828828828829e+08	-5.01032198855735e-03,3.31477140807771e-04
1.18888888888889e+08	-5.01032176431664e-03,3.31309670884924e-04
1.18948948948949e+08	-5.01032154041531e-03,3.31142370069652e-04
1.19009009009009e+08	-5.01032131685300e-03,3.30975238111603e-04
1.19069069069069e+08	-5.01032109362894e-03,3.30808274751850e-04
1.19129129129129e+08	-5.01032087074219e-03,3.30641479736528e-04
1.19189189189189e+08	-5.01032064819255e-03,3.30474852812283e-04
1.19249249249249e+08	-5.01032042597889e-03,3.30308393724004e-04
1.19309309309309e+08	-5.01032020410071e-03,3.30142102214816e-04
1.19369369369369e+08	-5.01031998255765e-03,3.29975978039722e-04
1.19429429429429e+08	-5.01031976134859e-03,3.29810020938320e-04
1.19489489489489e+08	-5.01031954047289e-03,3.29644230663218e-04
1.19549549549550e+08	-5.01031931993019e-03,3.29478606964122e-04
1.19609609609610e+08	-5.01031909971944e-03,3.29313149585558e-04
1.19669669669670e+08	-5.01031887984020e-03,3.29147858278240e-04
1.19729729729730e+08	-5.01031866029177e-03,3.28982732795658e-04
1.19789789789790e+08	-5.01031844107351e-03,3.28817772887256e-04
1.19849849849850e+08	-5.01031822218486e-03,3.28652978299567e-04
1.19909909909910e+08	-5.01031800362504e-03,3.28488348788719e-04
1.19969969969970e+08	-5.01031778539326e-03,3.28323884106788e-04
1.20030030030030e+08	-5.01031756748891e-03,3.28159584002937e-04
1.20090090090090e+08	-5.01031734991167e-03,3.27995448234782e-04
1.20150150150150e+08	-5.01031713266036e-03,3.27831476553610e-04
1.20210210210210e+08	-5.01031691573478e-03,3.27667668710066e-04
1.20270270270270e+08	-5.01031669913419e-03,3.27504024466654e-04
1.20330330330330e+08	-5.01031648285754e-03,3.27340543572724e-04
1.20390390390390e+08	-5.01031626690463e-03,3.27177225781527e-04
1.20450450450450e+08	-5.01031605127489e-03,3.27014070857035e-04
1.20510510510511e+08	-5.01031583596718e-03,3.26851078550060e-04
1.20570570570571e+08	-5.01031562098129e-03,3.26688248617588e-04
1.20630630630631e+08	-5.01031540631637e-03,3.26525580818222e-04
1.20690690690691e+08	-5.01031519197186e-03,3.26363074908776e-04
1.20750750750751e+08	-5.01031497794732e-03,3.26200730651092e-04
1.20810810810811e+08	-5.01031476424157e-03,3.26038547800673e-04
1.20870870870871e+08	-5.01031455085445e-03,3.25876526119184e-04
1.20930930930931e+08	-5.01031433778533e-03,3.25714665364221e-04
1.20990990990991e+08	-5.01031412503315e-03,3.25552965297267e-04
1.21051051051051e+08	-5.01031391259776e-03,3.25391425680281e-04
1.21111111111111e+08	-5.01031370047825e-03,3.25230046271149e-04
1.21171171171171e+08	-5.01031348867412e-03,3.25068826836187e-04
1.21231231231231e+08	-5.01031327718466e-03,3.24907767134229e-04
1.21291291291291e+08	-5.01031306600938e-03,3.24746866929122e-04
1.21351351351351e+08	-5.01031285514757e-03,3.24586125984049e-04
1.21411411411411e+08	-5.01031264459852e-03,3.24425544064936e-04
1.21471471471471e+08	-5.01031243436174e-03,3.24265120929079e-04
1.21531531531532e+08	-5.01031222443651e-03,3.24104856349022e-04
1.21591591591592e+08	-5.01031201482242e-03,3.23944750085266e-04
1.21651651651652e+08	-5.01031180551875e-03,3.23784801904464e-04
1.21711711711712e+08	-5.01031159652466e-03,3.23625011573728e-04
1.21771771771772e+08	-5.01031138783987e-03,3.23465378858360e-04
1.21831831831832e+08	-5.01031117946359e-03,3.23305903522985e-04
1.21891891891892e+08	-5.01031097139519e-03,3.23146585339510e-04
1.21951951951952e+08	-5.01031076363430e-03,3.22987424074614e-04
1.22012012012012e+08	-5.01031055617989e-03,3.22828419490887e-04
1.22072072072072e+08	-5.01031034903186e-03,3.22669571363879e-04
1.22132132132132e+08	-5.01031014218917e-03,3.22510879461640e-04
1.22192192192192e+08	-5.01030993565152e-03,3.22352343552671e-04
1.22252252252252e+08	-5.01030972941814e-03,3.22193963404788e-04
1.22312312312312e+08	-5.01030952348861e-03,3.22035738790810e-04
1.22372372372372e+08	-5.01030931786214e-03,3.21877669484004e-04
1.22432432432432e+08	-5.01030911253824e-03,3.21719755255811e-04
1.22492492492492e+08	-5.01030890751620e-03,3.21561995870165e-04
1.22552552552553e+08	-5.01030870279552e-03,3.21404391108500e-04
1.22612612612613e+08	-5.01030849837559e-03,3.21246940739051e-04
1.22672672672673e+08	-5.01030829425588e-03,3.21089644537322e-04
1.22732732732733e+08	-5.01030809043584e-03,3.20932502272439e-04
1.22792792792793e+08	-5.01030788691476e-03,3.20775513726475e-04
1.22852852852853e+08	-5.01030768369207e-03,3.20618678667168e-04
1.22912912912913e+08	-5.01030748076714e-03,3.20461996872925e-04
1.22972972972973e+08	-5.01030727813954e-03,3.20305468115774e-04
1.23033033033033e+08	-5.01030707580864e-03,3.20149092177276e-04
1.23093093093093e+08	-5.01030687377373e-03,3.19992868828060e-04
1.23153153153153e+08	-5.01030667203444e-03,3.19836797847150e-04
1.23213213213213e+08	-5.01030647059002e-03,3.19680879010596e-04
1.23273273273273e+08	-5.01030626944002e-03,3.19525112099425e-04
1.23333333333333e+08	-5.01030606858396e-03,3.19369496890555e-04
1.23393393393393e+08	-5.01030586802078e-03,3.19214033156787e-04
1.23453453453453e+08	-5.01030566775046e-03,3.19058720682720e-04
1.23513513513514e+08	-5.01030546777224e-03,3.18903559251112e-04
1.23573573573574e+08	-5.01030526808541e-03,3.18748548634916e-04
1.23633633633634e+08	-5.01030506868969e-03,3.18593688612060e-04
1.23693693693694e+08	-5.01030486958414e-03,3.18438978973408e-04
1.23753753753754e+08	-5.01030467076857e-03,3.18284419492056e-04
1.23813813813814e+08	-5.01030447224233e-03,3.18130009954033e-04
1.23873873873874e+08	-5.01030427400458e-03,3.17975750134420e-04
1.23933933933934e+08	-5.01030407605503e-03,3.17821639824642e-04
1.23993993993994e+08	-5.01030387839297e-03,3.17667678799487e-04
1.24054054054054e+08	-5.01030368101806e-03,3.17513866847810e-04
1.24114114114114e+08	-5.01030348392979e-03,3.17360203747517e-04
1.24174174174174e+08	-5.01030328712724e-03,3.17206689290572e-04
1.24234234234234e+08	-5.01030309061000e-03,3.17053323254580e-04
1.24294294294294e+08	-5.01030289437756e-03,3.16900105426658e-04
1.24354354354354e+08	-5.01030269842950e-03,3.16747035590925e-04
1.24414414414414e+08	-5.01030250276503e-03,3.16594113537604e-04
1.24474474474474e+08	-5.01030230738382e-03,3.16441339047094e-04
1.24534534534535e+08	-5.01030211228515e-03,3.16288711909306e-04
1.24594594594595e+08	-5.01030191746867e-03,3.16136231908877e-04
1.24654654654655e+08	-5.01030172293345e-03,3.15983898833128e-04
1.24714714714715e+08	-5.01030152867950e-03,3.15831712473200e-04
1.24774774774775e+08	-5.01030133470589e-03,3.15679672614958e-04
1.24834834834835e+08	-5.01030114101213e-03,3.15527779044678e-04
1.24894894894895e+08	-5.01030094759780e-03,3.15376031555861e-04
1.24954954954955e+08	-5.01030075446226e-03,3.15224429934455e-04
1.25015015015015e+08	-5.01030056160508e-03,3.15072973971361e-04
1.25075075075075e+08	-5.01030036902563e-03,3.14921663457887e-04
1.25135135135135e+08	-5.01030017672327e-03,3.14770498182329e-04
1.25195195195195e+08	-5.01029998469786e-03,3.14619477937933e-04
1.25255255255255e+08	-5.01029979294855e-03,3.14468602512663e-04
1.25315315315315e+08	-5.01029960147476e-03,3.14317871703979e-04
1.25375375375375e+08	-5.01029941027602e-03,3.14167285297230e-04
1.25435435435435e+08	-5.01029921935197e-03,3.14016843090674e-04
1.25495495495495e+08	-5.01029902870203e-03,3.13866544873867e-04
1.25555555555556e+08	-5.01029883832549e-03,3.13716390441311e-04
1.25615615615616e+08	-5.01029864822195e-03,3.13566379586764e-04
1.25675675675676e+08	-5.01029845839103e-03,3.13416512106656e-04
1.25735735735736e+08	-5.01029826883204e-03,3.13266787789847e-04
1.25795795795796e+08	-5.01029807954441e-03,3.13117206435826e-04
1.25855855855856e+08	-5.01029789052771e-03,3.12967767838785e-04
1.25915915915916e+08	-5.01029770178152e-03,3.12818471795584e-04
1.25975975975976e+08	-5.01029751330512e-03,3.12669318100059e-04
1.26036036036036e+08	-5.01029732509811e-03,3.12520306548710e-04
1.26096096096096e+08	-5.01029713716011e-03,3.12371436942971e-04
1.26156156156156e+08	-5.01029694949036e-03,3.12222709074433e-04
1.26216216216216e+08	-5.01029676208843e-03,3.12074122743029e-04
1.26276276276276e+08	-5.01029657495381e-03,3.11925677746803e-04
1.26336336336336e+08	-5.01029638808603e-03,3.11777373884185e-04
1.26396396396396e+08	-5.01029620148472e-03,3.11629210956261e-04
1.26456456456456e+08	-5.01029601514918e-03,3.11481188755402e-04
1.26516516516517e+08	-5.01029582907877e-03,3.11333307089144e-04
1.26576576576577e+08	-5.01029564327327e-03,3.11185565754031e-04
1.26636636636637e+08	-5.01029545773198e-03,3.11037964549261e-04
1.26696696696697e+08	-5.01029527245468e-03,3.10890503275550e-04
1.26756756756757e+08	-5.01029508744068e-03,3.10743181738535e-04
1.26816816816817e+08	-5.01029490268926e-03,3.10595999734002e-04
1.26876876876877e+08	-5.01029471820034e-03,3.10448957066068e-04
1.26936936936937e+08	-5.01029453397316e-03,3.10302053535815e-04
1.26996996996997e+08	-5.01029435000729e-03,3.10155288949250e-04
1.27057057057057e+08	-5.01029416630237e-03,3.10008663108200e-04
1.27117117117117e+08	-5.01029398285769e-03,3.09862175810321e-04
1.27177177177177e+08	-5.01029379967277e-03,3.09715826866146e-04
1.27237237237237e+08	-5.01029361674717e-03,3.09569616078618e-04
1.27297297297297e+08	-5.01029343408054e-03,3.09423543249915e-04
1.27357357357357e+08	-5.01029325167224e-03,3.09277608187130e-04
1.27417417417417e+08	-5.01029306952193e-03,3.09131810694316e-04
1.27477477477477e+08	-5.01029288762889e-03,3.08986150573615e-04
1.27537537537538e+08	-5.01029270599270e-03,3.08840627637772e-04
1.27597597597598e+08	-5.01029252461300e-03,3.08695241689661e-04
1.27657657657658e+08	-5.01029234348937e-03,3.08549992533661e-04
1.27717717717718e+08	-5.01029216262110e-03,3.08404879981335e-04
1.27777777777778e+08	-5.01029198200791e-03,3.08259903838922e-04
1.27837837837838e+08	-5.01029180164902e-03,3.08115063908479e-04
1.27897897897898e+08	-5.01029162154429e-03,3.07970360004929e-04
1.27957957957958e+08	-5.01029144169308e-03,3.07825791936731e-04
1.28018018018018e+08	-5.01029126209497e-03,3.07681359508160e-04
1.28078078078078e+08	-5.01029108274939e-03,3.07537062531805e-04
1.28138138138138e+08	-5.01029090365605e-03,3.07392900813793e-04
1.28198198198198e+08	-5.01029072481426e-03,3.07248874167429e-04
1.28258258258258e+08	-5.01029054622365e-03,3.07104982402962e-04
1.28318318318318e+08	-5.01029036788388e-03,3.06961225329861e-04
1.28378378378378e+08	-5.01029018979409e-03,3.06817602754539e-04
1.28438438438438e+08	-5.01029001195428e-03,3.06674114498540e-04
1.28498498498498e+08	-5.01028983436374e-03,3.06530760366710e-04
1.28558558558559e+08	-5.01028965702213e-03,3.06387540169930e-04
1.28618618618619e+08	-5.01028947992873e-03,3.06244453725116e-04
1.28678678678679e+08	-5.01028930308340e-03,3.06101500842714e-04
1.28738738738739e+08	-5.01028912648551e-03,3.05958681333520e-04
1.28798798798799e+08	-5.01028895013462e-03,3.05815995016635e-04
1.28858858858859e+08	-5.01028877403004e-03,3.05673441700140e-04
1.28918918918919e+08	-5.01028859817176e-03,3.05531021200423e-04
1.28978978978979e+08	-5.01028842255901e-03,3.05388733330804e-04
1.29039039039039e+08	-5.01028824719135e-03,3.05246577909499e-04
1.29099099099099e+08	-5.01028807206851e-03,3.05104554747109e-04
1.29159159159159e+08	-5.01028789718978e-03,3.04962663663675e-04
1.29219219219219e+08	-5.01028772255508e-03,3.04820904473894e-04
1.29279279279279e+08	-5.01028754816351e-03,3.04679276987124e-04
1.29339339339339e+08	-5.01028737401470e-03,3.04537781031253e-04
1.29399399399399e+08	-5.01028720010858e-03,3.04396416415183e-04
1.29459459459459e+08	-5.01028702644437e-03,3.04255182960661e-04
1.29519519519520e+08	-5.01028685302173e-03,3.04114080477269e-04
1.29579579579580e+08	-5.01028667984014e-03,3.03973108795388e-04
1.29639639639640e+08	-5.01028650689913e-03,3.03832267720728e-04
1.29699699699700e+08	-5.01028633419841e-03,3.03691557082073e-04
1.29759759759760e+08	-5.01028616173733e-03,3.03550976690352e-04
1.29819819819820e+08	-5.01028598951562e-03,3.03410526370471e-04
1.29879879879880e+08	-5.01028581753286e-03,3.03270205937439e-04
1.29939939939940e+08	-5.01028564578846e-03,3.03130015216834e-04
1.30000000000000e+08	-5.01028547428202e-03,3.02989954022055e-04
